n_agents,n_arms,agent_to_arm_ratio,arms_per_agent,std,epsilon,seed,steps,group_total_reward,mean_agent_reward,collision_rate,reward_inequality
100,100,1.0,1,1.0,0.01,0,1000,475802.2226021998,4758.022226021998,1.0,1420.9056795798003
100,100,1.0,1,1.0,0.01,1,1000,458216.44109688856,4582.164410968886,1.0,1297.9087615555895
100,100,1.0,1,1.0,0.01,2,1000,475944.36171735445,4759.443617173544,1.0,1386.5360477664133
100,100,1.0,1,1.0,0.01,3,1000,477675.6928972188,4776.756928972188,1.0,1307.475226405101
100,100,1.0,1,1.0,0.01,4,1000,471812.9073970498,4718.129073970498,1.0,1300.015118320039
100,100,1.0,1,1.0,0.01,5,1000,470355.50249349547,4703.555024934954,1.0,1506.8736944490158
100,100,1.0,1,1.0,0.01,6,1000,474503.3008548994,4745.033008548994,1.0,1513.603464669503
100,100,1.0,1,1.0,0.01,7,1000,469462.03279382054,4694.620327938205,1.0,1428.7144888679113
100,100,1.0,1,1.0,0.01,8,1000,476445.32411578065,4764.453241157807,1.0,1511.7583100794645
100,100,1.0,1,1.0,0.01,9,1000,481955.82501297403,4819.55825012974,1.0,1361.9777109652803
100,100,1.0,1,1.0,0.01,10,1000,476352.10743622575,4763.521074362257,1.0,1606.0961450358102
100,100,1.0,1,1.0,0.01,11,1000,460723.900910158,4607.23900910158,1.0,1332.9864623162189
100,100,1.0,1,1.0,0.01,12,1000,474634.71194608277,4746.347119460827,1.0,1486.0720430423157
100,100,1.0,1,1.0,0.01,13,1000,470742.87862683815,4707.428786268381,1.0,1220.6092294563948
100,100,1.0,1,1.0,0.01,14,1000,465187.3368817739,4651.873368817739,1.0,1526.6037123215674
100,100,1.0,1,1.0,0.01,15,1000,473323.55992386333,4733.235599238633,1.0,1602.1161828596057
100,100,1.0,1,1.0,0.01,16,1000,460232.48600003694,4602.324860000369,1.0,1218.2338878027126
100,100,1.0,1,1.0,0.01,17,1000,460242.2444445824,4602.422444445824,1.0,1504.643744217692
100,100,1.0,1,1.0,0.01,18,1000,474402.15871072415,4744.021587107241,1.0,1416.6530416660462
100,100,1.0,1,1.0,0.01,19,1000,466422.9521931294,4664.229521931294,1.0,1447.8338930934462
100,100,1.0,1,1.0,0.01,20,1000,460604.09229360573,4606.0409229360575,1.0,1450.2070455624971
100,100,1.0,1,1.0,0.01,21,1000,478014.68846589315,4780.146884658931,1.0,1691.7002124989076
100,100,1.0,1,1.0,0.01,22,1000,477916.29918428743,4779.162991842874,1.0,1407.6357564864395
100,100,1.0,1,1.0,0.01,23,1000,477602.95501417876,4776.029550141788,1.0,1533.8071440828026
100,100,1.0,1,1.0,0.01,24,1000,473349.60402501526,4733.496040250153,1.0,1526.3374768467936
100,100,1.0,1,1.0,0.01,25,1000,474796.4887537252,4747.964887537252,1.0,1253.8943047878674
100,100,1.0,1,1.0,0.01,26,1000,461967.26947700116,4619.672694770012,1.0,1374.5562964479188
100,100,1.0,1,1.0,0.01,27,1000,468082.71237365867,4680.827123736587,1.0,1420.75015651528
100,100,1.0,1,1.0,0.01,28,1000,480448.6196445562,4804.486196445562,1.0,1662.2050849457296
100,100,1.0,1,1.0,0.01,29,1000,481272.54823186755,4812.725482318676,1.0,1482.3184718151472
100,100,1.0,1,1.0,0.01,30,1000,460353.02397599426,4603.530239759943,1.0,1514.9353177824864
100,100,1.0,1,1.0,0.01,31,1000,465341.6919331335,4653.4169193313355,1.0,1200.554026228501
100,100,1.0,1,1.0,0.01,32,1000,478459.68506573676,4784.596850657367,1.0,1280.3075308688808
100,100,1.0,1,1.0,0.01,33,1000,478574.87812396954,4785.748781239696,1.0,1360.131061573649
100,100,1.0,1,1.0,0.01,34,1000,458850.1204310794,4588.5012043107945,1.0,1467.5734414362485
100,100,1.0,1,1.0,0.01,35,1000,463238.41575563455,4632.384157556346,1.0,1432.1716506901482
100,100,1.0,1,1.0,0.01,36,1000,474407.19552975794,4744.07195529758,1.0,1439.5589720558023
100,100,1.0,1,1.0,0.01,37,1000,478995.1310582139,4789.951310582139,1.0,1504.6583313864887
100,100,1.0,1,1.0,0.01,38,1000,475647.7125060077,4756.477125060077,1.0,1388.5770598756421
100,100,1.0,1,1.0,0.01,39,1000,476716.0833711647,4767.160833711647,1.0,1453.872009580081
100,100,1.0,1,1.0,0.01,40,1000,470541.2424985536,4705.412424985536,1.0,1436.6624310460304
100,100,1.0,1,1.0,0.01,41,1000,472125.1708552192,4721.251708552192,1.0,1454.986311314152
100,100,1.0,1,1.0,0.01,42,1000,477826.4285434965,4778.264285434965,1.0,1445.6099346694978
100,100,1.0,1,1.0,0.01,43,1000,454939.688872256,4549.39688872256,1.0,1325.620717597732
100,100,1.0,1,1.0,0.01,44,1000,472721.7909332436,4727.217909332436,1.0,1382.149644433163
100,100,1.0,1,1.0,0.01,45,1000,482815.9630025211,4828.15963002521,1.0,1642.912289896442
100,100,1.0,1,1.0,0.01,46,1000,465306.11480288306,4653.061148028831,1.0,1300.8852552922003
100,100,1.0,1,1.0,0.01,47,1000,472761.50857786404,4727.615085778641,1.0,1419.8705144198746
100,100,1.0,1,1.0,0.01,48,1000,472947.3882936637,4729.473882936637,1.0,1462.5226031342866
100,100,1.0,1,1.0,0.01,49,1000,452719.7062273119,4527.19706227312,1.0,1442.538595881175
100,100,1.0,1,1.0,0.02,0,1000,494022.721990687,4940.22721990687,1.0,937.8878047127537
100,100,1.0,1,1.0,0.02,1,1000,506014.87968406314,5060.148796840632,1.0,1083.8394015240528
100,100,1.0,1,1.0,0.02,2,1000,496052.4108047528,4960.524108047528,1.0,1047.5278724466903
100,100,1.0,1,1.0,0.02,3,1000,493733.00320903945,4937.3300320903945,1.0,1053.261392238272
100,100,1.0,1,1.0,0.02,4,1000,498700.3875682958,4987.003875682958,1.0,1069.342771246368
100,100,1.0,1,1.0,0.02,5,1000,500566.4359031268,5005.664359031268,1.0,1029.5609379349262
100,100,1.0,1,1.0,0.02,6,1000,495255.5354991097,4952.555354991097,1.0,975.0222839098304
100,100,1.0,1,1.0,0.02,7,1000,492827.0611502581,4928.270611502581,1.0,972.3221709145549
100,100,1.0,1,1.0,0.02,8,1000,499992.58540100226,4999.925854010023,1.0,999.6918911161823
100,100,1.0,1,1.0,0.02,9,1000,488474.6923054023,4884.746923054023,1.0,1049.04777955093
100,100,1.0,1,1.0,0.02,10,1000,493969.33119647193,4939.693311964719,1.0,1041.4600101444535
100,100,1.0,1,1.0,0.02,11,1000,492443.7320438485,4924.437320438485,1.0,927.2386769737594
100,100,1.0,1,1.0,0.02,12,1000,495039.2837939919,4950.3928379399185,1.0,982.1210900975894
100,100,1.0,1,1.0,0.02,13,1000,495708.8693177936,4957.088693177936,1.0,1052.1575809303486
100,100,1.0,1,1.0,0.02,14,1000,489563.1291003467,4895.631291003467,1.0,958.3071026816217
100,100,1.0,1,1.0,0.02,15,1000,492076.67796835926,4920.766779683592,1.0,996.3892717410553
100,100,1.0,1,1.0,0.02,16,1000,490604.4638396264,4906.044638396264,1.0,1033.6913769869964
100,100,1.0,1,1.0,0.02,17,1000,492619.20011335623,4926.192001133562,1.0,924.7790701652822
100,100,1.0,1,1.0,0.02,18,1000,497120.91726775386,4971.209172677539,1.0,996.35803724366
100,100,1.0,1,1.0,0.02,19,1000,492702.049790523,4927.0204979052305,1.0,1049.47035534082
100,100,1.0,1,1.0,0.02,20,1000,505445.1575466182,5054.451575466182,1.0,1155.9704761333176
100,100,1.0,1,1.0,0.02,21,1000,494339.9628024216,4943.399628024216,1.0,1060.2588335944858
100,100,1.0,1,1.0,0.02,22,1000,497027.0049128127,4970.2700491281275,1.0,1080.6706223694134
100,100,1.0,1,1.0,0.02,23,1000,496596.5260239827,4965.965260239826,1.0,1153.4258073420738
100,100,1.0,1,1.0,0.02,24,1000,493018.6695073124,4930.186695073124,1.0,943.9676858911796
100,100,1.0,1,1.0,0.02,25,1000,496510.1879473151,4965.101879473151,1.0,987.8038978948734
100,100,1.0,1,1.0,0.02,26,1000,500769.8150889245,5007.698150889245,1.0,1075.7163824592535
100,100,1.0,1,1.0,0.02,27,1000,491328.4919810956,4913.284919810956,1.0,923.108935038369
100,100,1.0,1,1.0,0.02,28,1000,492792.6118751059,4927.926118751059,1.0,915.2454202163299
100,100,1.0,1,1.0,0.02,29,1000,496318.61316577176,4963.186131657718,1.0,1082.3892870660745
100,100,1.0,1,1.0,0.02,30,1000,491625.1934063523,4916.251934063523,1.0,1033.7225835021245
100,100,1.0,1,1.0,0.02,31,1000,493442.3220259801,4934.423220259801,1.0,999.4010764575639
100,100,1.0,1,1.0,0.02,32,1000,506528.48646953393,5065.284864695339,1.0,1077.0737449022258
100,100,1.0,1,1.0,0.02,33,1000,494907.6585197862,4949.076585197862,1.0,1052.8525680111734
100,100,1.0,1,1.0,0.02,34,1000,493492.7853435488,4934.927853435488,1.0,1102.6264633370497
100,100,1.0,1,1.0,0.02,35,1000,502086.3654611588,5020.863654611588,1.0,1066.6801091369184
100,100,1.0,1,1.0,0.02,36,1000,495700.45826262445,4957.004582626245,1.0,1088.8173331064136
100,100,1.0,1,1.0,0.02,37,1000,504017.8947969138,5040.178947969138,1.0,1079.9555317199674
100,100,1.0,1,1.0,0.02,38,1000,503316.6708463678,5033.166708463677,1.0,968.7368166651222
100,100,1.0,1,1.0,0.02,39,1000,492891.18977160304,4928.911897716031,1.0,1042.3590679607962
100,100,1.0,1,1.0,0.02,40,1000,493243.8974172663,4932.438974172663,1.0,1060.104525860489
100,100,1.0,1,1.0,0.02,41,1000,500738.797161737,5007.38797161737,1.0,1068.1567737533678
100,100,1.0,1,1.0,0.02,42,1000,491583.6572768211,4915.836572768211,1.0,910.9170434262307
100,100,1.0,1,1.0,0.02,43,1000,496562.30080360314,4965.623008036031,1.0,899.8792581556115
100,100,1.0,1,1.0,0.02,44,1000,501375.0885344055,5013.750885344055,1.0,974.8234268897797
100,100,1.0,1,1.0,0.02,45,1000,487533.11632438644,4875.3311632438645,1.0,1068.5544203587815
100,100,1.0,1,1.0,0.02,46,1000,492281.8041818144,4922.818041818145,1.0,961.0517695488109
100,100,1.0,1,1.0,0.02,47,1000,500615.4163653952,5006.154163653951,1.0,1213.3516206642105
100,100,1.0,1,1.0,0.02,48,1000,495364.8111878277,4953.648111878278,1.0,986.4759212977452
100,100,1.0,1,1.0,0.02,49,1000,488063.6013093042,4880.636013093042,1.0,1015.1909181779426
100,100,1.0,1,1.0,0.03,0,1000,509363.00929836475,5093.630092983647,1.0,863.5639909137976
100,100,1.0,1,1.0,0.03,1,1000,500960.9706736806,5009.609706736806,1.0,923.4076984425241
100,100,1.0,1,1.0,0.03,2,1000,499714.0252085168,4997.140252085168,1.0,864.3776053990838
100,100,1.0,1,1.0,0.03,3,1000,498887.2444380981,4988.872444380981,1.0,846.996471552615
100,100,1.0,1,1.0,0.03,4,1000,498368.10972330254,4983.681097233025,1.0,909.4482062973867
100,100,1.0,1,1.0,0.03,5,1000,503160.24811001244,5031.602481100124,1.0,959.1540569869356
100,100,1.0,1,1.0,0.03,6,1000,503102.3823656828,5031.023823656828,1.0,872.4256025428581
100,100,1.0,1,1.0,0.03,7,1000,507754.6970640362,5077.546970640362,1.0,905.9294890439571
100,100,1.0,1,1.0,0.03,8,1000,500954.2412209609,5009.542412209609,1.0,829.0942732887053
100,100,1.0,1,1.0,0.03,9,1000,505216.68403867056,5052.166840386705,1.0,877.9747998270311
100,100,1.0,1,1.0,0.03,10,1000,500707.5683096081,5007.075683096081,1.0,832.5471059138434
100,100,1.0,1,1.0,0.03,11,1000,497210.6368491624,4972.106368491624,1.0,917.8071788028489
100,100,1.0,1,1.0,0.03,12,1000,501741.9314819957,5017.4193148199565,1.0,878.630616562488
100,100,1.0,1,1.0,0.03,13,1000,505139.38897993544,5051.393889799354,1.0,946.6508733509568
100,100,1.0,1,1.0,0.03,14,1000,509071.883792354,5090.71883792354,1.0,981.8534860475507
100,100,1.0,1,1.0,0.03,15,1000,504820.60700285935,5048.206070028594,1.0,954.5303861790557
100,100,1.0,1,1.0,0.03,16,1000,509542.518281176,5095.425182811759,1.0,908.750243328273
100,100,1.0,1,1.0,0.03,17,1000,505007.03679333435,5050.070367933344,1.0,939.8385201778115
100,100,1.0,1,1.0,0.03,18,1000,503472.38255511504,5034.72382555115,1.0,864.4640586385161
100,100,1.0,1,1.0,0.03,19,1000,505279.4651948992,5052.7946519489915,1.0,894.0769892283981
100,100,1.0,1,1.0,0.03,20,1000,500207.2698165082,5002.072698165082,1.0,873.6924002593788
100,100,1.0,1,1.0,0.03,21,1000,499954.6304063845,4999.546304063845,1.0,913.284857744716
100,100,1.0,1,1.0,0.03,22,1000,506466.02359748975,5064.660235974898,1.0,894.8090294308035
100,100,1.0,1,1.0,0.03,23,1000,511212.51148079097,5112.12511480791,1.0,1020.3890049467018
100,100,1.0,1,1.0,0.03,24,1000,509015.81657617603,5090.158165761761,1.0,1025.9740269930473
100,100,1.0,1,1.0,0.03,25,1000,503661.9244107402,5036.619244107402,1.0,906.5745709864971
100,100,1.0,1,1.0,0.03,26,1000,500591.728271425,5005.91728271425,1.0,970.3959309668779
100,100,1.0,1,1.0,0.03,27,1000,502956.76400645194,5029.56764006452,1.0,883.7619658491461
100,100,1.0,1,1.0,0.03,28,1000,506982.30070868006,5069.8230070868,1.0,838.0034467139855
100,100,1.0,1,1.0,0.03,29,1000,502416.9740640524,5024.169740640524,1.0,962.1584784211617
100,100,1.0,1,1.0,0.03,30,1000,503421.81942971086,5034.218194297108,1.0,891.0536684115802
100,100,1.0,1,1.0,0.03,31,1000,503776.50474931294,5037.76504749313,1.0,962.3902603009496
100,100,1.0,1,1.0,0.03,32,1000,504291.17233758216,5042.911723375822,1.0,798.8315459829058
100,100,1.0,1,1.0,0.03,33,1000,503085.59286174603,5030.85592861746,1.0,908.9521660036337
100,100,1.0,1,1.0,0.03,34,1000,506228.2766557451,5062.282766557451,1.0,969.9399784591429
100,100,1.0,1,1.0,0.03,35,1000,507530.44096734765,5075.304409673477,1.0,957.6776751595058
100,100,1.0,1,1.0,0.03,36,1000,501049.09589108784,5010.490958910878,1.0,880.8215628448121
100,100,1.0,1,1.0,0.03,37,1000,499365.83272434416,4993.658327243442,1.0,895.387980604122
100,100,1.0,1,1.0,0.03,38,1000,513431.9440704005,5134.319440704005,1.0,916.798467211136
100,100,1.0,1,1.0,0.03,39,1000,502715.5033637903,5027.155033637903,1.0,881.3245745222816
100,100,1.0,1,1.0,0.03,40,1000,512534.4780087624,5125.344780087624,1.0,943.2680271842728
100,100,1.0,1,1.0,0.03,41,1000,493064.69719872496,4930.646971987249,1.0,833.2207311235651
100,100,1.0,1,1.0,0.03,42,1000,501584.5564011975,5015.8455640119755,1.0,828.477838563688
100,100,1.0,1,1.0,0.03,43,1000,509291.3015712225,5092.9130157122245,1.0,1044.5248852479683
100,100,1.0,1,1.0,0.03,44,1000,509031.9992396556,5090.319992396556,1.0,908.2647332900284
100,100,1.0,1,1.0,0.03,45,1000,504146.71338356094,5041.467133835609,1.0,918.4459023550919
100,100,1.0,1,1.0,0.03,46,1000,497533.96282127255,4975.339628212725,1.0,832.3622133094468
100,100,1.0,1,1.0,0.03,47,1000,511480.65285444027,5114.806528544403,1.0,969.7449125631875
100,100,1.0,1,1.0,0.03,48,1000,502701.40994319395,5027.01409943194,1.0,896.2433361900902
100,100,1.0,1,1.0,0.03,49,1000,507401.9434709951,5074.019434709951,1.0,897.8059994304497
100,100,1.0,1,1.0,0.04,0,1000,512548.920672548,5125.4892067254805,1.0,817.8679456567082
100,100,1.0,1,1.0,0.04,1,1000,509136.681822883,5091.36681822883,1.0,798.685081485782
100,100,1.0,1,1.0,0.04,2,1000,507247.7892323235,5072.477892323235,1.0,852.7711529596783
100,100,1.0,1,1.0,0.04,3,1000,505673.3817520879,5056.733817520879,1.0,904.0991334454674
100,100,1.0,1,1.0,0.04,4,1000,509607.57483665406,5096.07574836654,1.0,821.7060485998142
100,100,1.0,1,1.0,0.04,5,1000,499528.55923974595,4995.285592397459,1.0,786.3586880049322
100,100,1.0,1,1.0,0.04,6,1000,507467.8148344328,5074.678148344328,1.0,787.062044936892
100,100,1.0,1,1.0,0.04,7,1000,502529.5320917139,5025.295320917139,1.0,729.4842199367248
100,100,1.0,1,1.0,0.04,8,1000,509373.05659399997,5093.73056594,1.0,914.837765984723
100,100,1.0,1,1.0,0.04,9,1000,507714.18815001764,5077.141881500176,1.0,863.4365335712495
100,100,1.0,1,1.0,0.04,10,1000,507968.8021054318,5079.688021054318,1.0,835.3199873650931
100,100,1.0,1,1.0,0.04,11,1000,506614.3373246492,5066.143373246492,1.0,786.3053208156442
100,100,1.0,1,1.0,0.04,12,1000,510192.6297281115,5101.926297281115,1.0,891.6176059269709
100,100,1.0,1,1.0,0.04,13,1000,509212.34717142454,5092.123471714245,1.0,828.0305237292516
100,100,1.0,1,1.0,0.04,14,1000,508614.25288921065,5086.142528892106,1.0,842.2058776622714
100,100,1.0,1,1.0,0.04,15,1000,501349.2392259144,5013.492392259144,1.0,830.6597044973806
100,100,1.0,1,1.0,0.04,16,1000,507301.30502760946,5073.013050276095,1.0,925.0301254882346
100,100,1.0,1,1.0,0.04,17,1000,503728.23756577686,5037.282375657768,1.0,784.6658468719212
100,100,1.0,1,1.0,0.04,18,1000,511329.7318406596,5113.297318406596,1.0,828.4458351302574
100,100,1.0,1,1.0,0.04,19,1000,501143.824157386,5011.43824157386,1.0,798.5863552103216
100,100,1.0,1,1.0,0.04,20,1000,508152.2178508965,5081.522178508964,1.0,874.9473570127241
100,100,1.0,1,1.0,0.04,21,1000,510710.6316344489,5107.106316344489,1.0,832.1329686003966
100,100,1.0,1,1.0,0.04,22,1000,510636.7842207465,5106.3678422074645,1.0,793.3611788768627
100,100,1.0,1,1.0,0.04,23,1000,508245.81045092345,5082.4581045092345,1.0,887.8725944982182
100,100,1.0,1,1.0,0.04,24,1000,510464.76552687766,5104.647655268776,1.0,891.4800391293884
100,100,1.0,1,1.0,0.04,25,1000,502114.87592280336,5021.148759228034,1.0,756.4906043000257
100,100,1.0,1,1.0,0.04,26,1000,503646.46736112976,5036.464673611297,1.0,933.6450017180889
100,100,1.0,1,1.0,0.04,27,1000,504765.4487234541,5047.654487234541,1.0,792.3014306699546
100,100,1.0,1,1.0,0.04,28,1000,509609.1909485886,5096.091909485886,1.0,875.1288632861995
100,100,1.0,1,1.0,0.04,29,1000,505697.7318768477,5056.977318768477,1.0,807.7650577471894
100,100,1.0,1,1.0,0.04,30,1000,509777.7407098909,5097.777407098909,1.0,874.0764266097857
100,100,1.0,1,1.0,0.04,31,1000,503551.2353185031,5035.512353185031,1.0,843.3109533035772
100,100,1.0,1,1.0,0.04,32,1000,509600.6712463217,5096.006712463217,1.0,871.7840070859058
100,100,1.0,1,1.0,0.04,33,1000,509364.15978314285,5093.641597831429,1.0,835.7475967976719
100,100,1.0,1,1.0,0.04,34,1000,505598.8833154479,5055.988833154479,1.0,828.5454377885601
100,100,1.0,1,1.0,0.04,35,1000,506487.4464540963,5064.874464540963,1.0,834.4124531851676
100,100,1.0,1,1.0,0.04,36,1000,503085.57107745705,5030.85571077457,1.0,850.1977117190809
100,100,1.0,1,1.0,0.04,37,1000,503409.21461542614,5034.092146154261,1.0,894.4574328867087
100,100,1.0,1,1.0,0.04,38,1000,514386.1851837018,5143.861851837018,1.0,854.8403346026355
100,100,1.0,1,1.0,0.04,39,1000,517590.9418004423,5175.909418004423,1.0,917.9723528654462
100,100,1.0,1,1.0,0.04,40,1000,509368.4150273622,5093.6841502736215,1.0,805.7903915709793
100,100,1.0,1,1.0,0.04,41,1000,504064.2365234887,5040.642365234887,1.0,932.9141890501926
100,100,1.0,1,1.0,0.04,42,1000,500745.2579348067,5007.452579348067,1.0,839.7816499743417
100,100,1.0,1,1.0,0.04,43,1000,502663.0255121007,5026.630255121007,1.0,897.9172885643201
100,100,1.0,1,1.0,0.04,44,1000,504512.4596693703,5045.124596693703,1.0,854.1394935366528
100,100,1.0,1,1.0,0.04,45,1000,506400.3737185867,5064.003737185867,1.0,943.3858388130421
100,100,1.0,1,1.0,0.04,46,1000,505581.8714524501,5055.818714524501,1.0,783.7712183947982
100,100,1.0,1,1.0,0.04,47,1000,511655.82939334784,5116.558293933478,1.0,888.7050503049493
100,100,1.0,1,1.0,0.04,48,1000,503482.3061506012,5034.823061506012,1.0,838.8304594329726
100,100,1.0,1,1.0,0.04,49,1000,503001.0547584184,5030.010547584184,1.0,835.0421923649833
100,100,1.0,1,1.0,0.05,0,1000,507384.33738496556,5073.843373849656,1.0,852.3019254586503
100,100,1.0,1,1.0,0.05,1,1000,509877.5018808714,5098.775018808714,1.0,852.9287411915182
100,100,1.0,1,1.0,0.05,2,1000,505699.86230971594,5056.998623097159,1.0,828.9813267531199
100,100,1.0,1,1.0,0.05,3,1000,509901.44021195016,5099.014402119502,1.0,763.7305676537252
100,100,1.0,1,1.0,0.05,4,1000,503293.2586915145,5032.932586915145,1.0,852.2752817991608
100,100,1.0,1,1.0,0.05,5,1000,504037.1872522153,5040.371872522152,1.0,801.8457534018271
100,100,1.0,1,1.0,0.05,6,1000,505821.37854664616,5058.213785466462,1.0,826.603468502285
100,100,1.0,1,1.0,0.05,7,1000,510079.93835836544,5100.799383583654,1.0,785.7301148027639
100,100,1.0,1,1.0,0.05,8,1000,504116.58483426395,5041.16584834264,1.0,719.0571584179494
100,100,1.0,1,1.0,0.05,9,1000,501774.2926819934,5017.742926819934,1.0,767.0604564591299
100,100,1.0,1,1.0,0.05,10,1000,512798.4911396884,5127.984911396884,1.0,815.6623782482842
100,100,1.0,1,1.0,0.05,11,1000,504234.594647514,5042.3459464751395,1.0,797.2221045254927
100,100,1.0,1,1.0,0.05,12,1000,503433.54004311,5034.3354004311,1.0,774.00478646512
100,100,1.0,1,1.0,0.05,13,1000,510197.99393181724,5101.979939318172,1.0,834.3362610792769
100,100,1.0,1,1.0,0.05,14,1000,506780.31122107845,5067.803112210784,1.0,787.7040686208134
100,100,1.0,1,1.0,0.05,15,1000,505786.2502732469,5057.862502732469,1.0,861.5369855391332
100,100,1.0,1,1.0,0.05,16,1000,508481.63761510665,5084.816376151067,1.0,822.3849290989177
100,100,1.0,1,1.0,0.05,17,1000,505345.7888796001,5053.4578887960015,1.0,815.0755174083322
100,100,1.0,1,1.0,0.05,18,1000,505642.67440119106,5056.426744011911,1.0,775.1166073593253
100,100,1.0,1,1.0,0.05,19,1000,506593.56594155997,5065.9356594156,1.0,836.5564222436296
100,100,1.0,1,1.0,0.05,20,1000,503528.97079108167,5035.289707910817,1.0,784.4557459102363
100,100,1.0,1,1.0,0.05,21,1000,510261.4043515279,5102.614043515279,1.0,813.8658904444557
100,100,1.0,1,1.0,0.05,22,1000,504978.77279956336,5049.787727995634,1.0,770.3915391602224
100,100,1.0,1,1.0,0.05,23,1000,508138.775481304,5081.3877548130395,1.0,818.6403578345465
100,100,1.0,1,1.0,0.05,24,1000,503924.4141774879,5039.244141774879,1.0,789.9217653572831
100,100,1.0,1,1.0,0.05,25,1000,507448.4977069123,5074.484977069123,1.0,893.3342902041684
100,100,1.0,1,1.0,0.05,26,1000,498710.01294754574,4987.100129475457,1.0,705.3712231850948
100,100,1.0,1,1.0,0.05,27,1000,502958.31758428446,5029.583175842845,1.0,788.5325725835166
100,100,1.0,1,1.0,0.05,28,1000,506444.7211310403,5064.447211310403,1.0,763.5882319473078
100,100,1.0,1,1.0,0.05,29,1000,506381.783917655,5063.8178391765505,1.0,774.0441263652855
100,100,1.0,1,1.0,0.05,30,1000,509394.3506697947,5093.943506697947,1.0,816.6090265962137
100,100,1.0,1,1.0,0.05,31,1000,506328.14281895343,5063.281428189534,1.0,790.4158883736457
100,100,1.0,1,1.0,0.05,32,1000,508208.8998049021,5082.088998049021,1.0,794.381095222484
100,100,1.0,1,1.0,0.05,33,1000,504723.2584990529,5047.232584990529,1.0,791.9147588880982
100,100,1.0,1,1.0,0.05,34,1000,507106.2885054097,5071.062885054097,1.0,868.872192258429
100,100,1.0,1,1.0,0.05,35,1000,504051.7362989709,5040.517362989709,1.0,792.1396111732068
100,100,1.0,1,1.0,0.05,36,1000,506372.61954942945,5063.726195494294,1.0,836.4688319288836
100,100,1.0,1,1.0,0.05,37,1000,506759.6075981492,5067.5960759814925,1.0,800.0538229678511
100,100,1.0,1,1.0,0.05,38,1000,505433.2594319419,5054.332594319419,1.0,815.009575978066
100,100,1.0,1,1.0,0.05,39,1000,504935.0036833043,5049.350036833043,1.0,807.3078875257249
100,100,1.0,1,1.0,0.05,40,1000,507575.8919996078,5075.758919996078,1.0,787.4834723041912
100,100,1.0,1,1.0,0.05,41,1000,510255.9532622577,5102.559532622577,1.0,844.9259094225831
100,100,1.0,1,1.0,0.05,42,1000,510692.5660377423,5106.925660377423,1.0,794.1000098200093
100,100,1.0,1,1.0,0.05,43,1000,507698.3093056731,5076.983093056731,1.0,774.3160573812663
100,100,1.0,1,1.0,0.05,44,1000,513445.71276633686,5134.457127663369,1.0,830.2087613912369
100,100,1.0,1,1.0,0.05,45,1000,507122.16130585334,5071.221613058533,1.0,790.9978454007567
100,100,1.0,1,1.0,0.05,46,1000,502560.6413686949,5025.606413686949,1.0,764.324627360718
100,100,1.0,1,1.0,0.05,47,1000,507126.36386300594,5071.263638630059,1.0,794.8454071035825
100,100,1.0,1,1.0,0.05,48,1000,505383.91524144216,5053.839152414422,1.0,839.7225389835119
100,100,1.0,1,1.0,0.05,49,1000,502652.74497979577,5026.527449797958,1.0,751.3737035069962
100,100,1.0,1,1.0,0.06,0,1000,502905.14638039196,5029.051463803919,1.0,834.5923019248711
100,100,1.0,1,1.0,0.06,1,1000,500494.95783848804,5004.949578384881,1.0,813.8153778803321
100,100,1.0,1,1.0,0.06,2,1000,505948.58670932136,5059.4858670932135,1.0,806.9167195935531
100,100,1.0,1,1.0,0.06,3,1000,504259.3916697321,5042.593916697321,1.0,766.6106896359679
100,100,1.0,1,1.0,0.06,4,1000,503435.79180890875,5034.357918089087,1.0,768.7585711393957
100,100,1.0,1,1.0,0.06,5,1000,506156.2851585228,5061.562851585228,1.0,788.0149565625494
100,100,1.0,1,1.0,0.06,6,1000,506521.9534243721,5065.219534243722,1.0,781.988000123888
100,100,1.0,1,1.0,0.06,7,1000,503319.89168556425,5033.198916855643,1.0,730.7776896716277
100,100,1.0,1,1.0,0.06,8,1000,507641.61396740226,5076.416139674023,1.0,783.9821690429102
100,100,1.0,1,1.0,0.06,9,1000,501583.1417153328,5015.831417153328,1.0,814.1108447040449
100,100,1.0,1,1.0,0.06,10,1000,501671.33491155185,5016.713349115518,1.0,784.5055543459837
100,100,1.0,1,1.0,0.06,11,1000,502445.50052050257,5024.455005205025,1.0,750.937953161934
100,100,1.0,1,1.0,0.06,12,1000,512759.0255032654,5127.590255032654,1.0,865.1495502600822
100,100,1.0,1,1.0,0.06,13,1000,509096.4884672741,5090.964884672741,1.0,741.8366580302679
100,100,1.0,1,1.0,0.06,14,1000,503629.0734797929,5036.290734797929,1.0,774.5130663578867
100,100,1.0,1,1.0,0.06,15,1000,502126.15995596745,5021.261599559674,1.0,810.4786281233286
100,100,1.0,1,1.0,0.06,16,1000,507961.1550994286,5079.6115509942865,1.0,808.995241589371
100,100,1.0,1,1.0,0.06,17,1000,509482.4039865642,5094.824039865642,1.0,797.7907739910813
100,100,1.0,1,1.0,0.06,18,1000,500904.12665137957,5009.041266513796,1.0,685.6511317827985
100,100,1.0,1,1.0,0.06,19,1000,505465.04480153683,5054.650448015368,1.0,786.6945717259147
100,100,1.0,1,1.0,0.06,20,1000,506854.5698770494,5068.545698770494,1.0,853.4368706983586
100,100,1.0,1,1.0,0.06,21,1000,507734.8331694634,5077.348331694634,1.0,824.4146345994776
100,100,1.0,1,1.0,0.06,22,1000,501042.8700164245,5010.428700164245,1.0,701.9210930437316
100,100,1.0,1,1.0,0.06,23,1000,504745.7970475283,5047.457970475283,1.0,786.7982335142453
100,100,1.0,1,1.0,0.06,24,1000,504940.82127585873,5049.408212758587,1.0,733.6053423992095
100,100,1.0,1,1.0,0.06,25,1000,502466.51227084186,5024.6651227084185,1.0,720.8902319106514
100,100,1.0,1,1.0,0.06,26,1000,504914.2124517721,5049.142124517722,1.0,766.801063062263
100,100,1.0,1,1.0,0.06,27,1000,502700.4949644367,5027.004949644367,1.0,719.0052597983803
100,100,1.0,1,1.0,0.06,28,1000,506443.7377730722,5064.437377730722,1.0,770.4616156889879
100,100,1.0,1,1.0,0.06,29,1000,507185.877603511,5071.85877603511,1.0,819.1530095722472
100,100,1.0,1,1.0,0.06,30,1000,511085.80693059234,5110.858069305923,1.0,792.8263050424443
100,100,1.0,1,1.0,0.06,31,1000,507974.39534362464,5079.743953436247,1.0,725.7578575935196
100,100,1.0,1,1.0,0.06,32,1000,508852.4383653152,5088.524383653152,1.0,765.7780396266837
100,100,1.0,1,1.0,0.06,33,1000,502929.84768902615,5029.298476890262,1.0,767.502894794301
100,100,1.0,1,1.0,0.06,34,1000,503190.0006625077,5031.900006625077,1.0,806.0388196789114
100,100,1.0,1,1.0,0.06,35,1000,504543.7695288721,5045.437695288721,1.0,752.9214302161694
100,100,1.0,1,1.0,0.06,36,1000,504332.1861644142,5043.321861644142,1.0,760.2835507569698
100,100,1.0,1,1.0,0.06,37,1000,500679.8989585512,5006.798989585512,1.0,758.4993544133946
100,100,1.0,1,1.0,0.06,38,1000,505648.7906344733,5056.487906344733,1.0,743.1862543391065
100,100,1.0,1,1.0,0.06,39,1000,509705.7138203142,5097.057138203142,1.0,765.2035765191849
100,100,1.0,1,1.0,0.06,40,1000,507594.71093445993,5075.947109344599,1.0,789.4416703532561
100,100,1.0,1,1.0,0.06,41,1000,502867.4958844613,5028.674958844614,1.0,819.0285747906291
100,100,1.0,1,1.0,0.06,42,1000,502173.5457220377,5021.735457220378,1.0,749.9998372382875
100,100,1.0,1,1.0,0.06,43,1000,500917.66465759376,5009.176646575937,1.0,737.285608417384
100,100,1.0,1,1.0,0.06,44,1000,509380.1177721201,5093.801177721201,1.0,737.7389283820846
100,100,1.0,1,1.0,0.06,45,1000,506668.30980738817,5066.683098073881,1.0,746.2145897392165
100,100,1.0,1,1.0,0.06,46,1000,509927.51487683225,5099.275148768323,1.0,770.0613884133304
100,100,1.0,1,1.0,0.06,47,1000,505144.8388390055,5051.448388390055,1.0,718.2561801025497
100,100,1.0,1,1.0,0.06,48,1000,504661.7591370269,5046.617591370269,1.0,768.9146612666931
100,100,1.0,1,1.0,0.06,49,1000,505137.5198819605,5051.375198819605,1.0,750.2010632316328
100,100,1.0,1,1.0,0.07,0,1000,505147.296209977,5051.4729620997705,1.0,698.3524666752589
100,100,1.0,1,1.0,0.07,1,1000,506388.01843687275,5063.880184368728,1.0,788.5190700768959
100,100,1.0,1,1.0,0.07,2,1000,504898.5052492373,5048.985052492373,1.0,685.202765657538
100,100,1.0,1,1.0,0.07,3,1000,505666.3917794358,5056.663917794358,1.0,699.524202483157
100,100,1.0,1,1.0,0.07,4,1000,503990.71458482655,5039.907145848266,1.0,692.7658278209651
100,100,1.0,1,1.0,0.07,5,1000,506588.00397133356,5065.8800397133355,1.0,727.2003982615308
100,100,1.0,1,1.0,0.07,6,1000,503552.3112753974,5035.523112753975,1.0,738.264688095041
100,100,1.0,1,1.0,0.07,7,1000,499194.32837793377,4991.943283779337,1.0,761.9131499749677
100,100,1.0,1,1.0,0.07,8,1000,502889.83153428574,5028.898315342857,1.0,668.7693023064897
100,100,1.0,1,1.0,0.07,9,1000,502503.26585411467,5025.032658541147,1.0,695.9213775760937
100,100,1.0,1,1.0,0.07,10,1000,509552.8865359312,5095.5288653593125,1.0,787.08511560319
100,100,1.0,1,1.0,0.07,11,1000,507839.8586054252,5078.3985860542525,1.0,719.7305992029384
100,100,1.0,1,1.0,0.07,12,1000,505851.4957900336,5058.514957900336,1.0,746.5991604209167
100,100,1.0,1,1.0,0.07,13,1000,508993.1426862504,5089.931426862504,1.0,811.5075112720806
100,100,1.0,1,1.0,0.07,14,1000,505010.65747699107,5050.10657476991,1.0,785.1504553673205
100,100,1.0,1,1.0,0.07,15,1000,502940.4490787253,5029.404490787253,1.0,763.5968329062305
100,100,1.0,1,1.0,0.07,16,1000,505679.6015568117,5056.796015568118,1.0,666.9368444807311
100,100,1.0,1,1.0,0.07,17,1000,508279.1361631523,5082.791361631523,1.0,713.0795963599866
100,100,1.0,1,1.0,0.07,18,1000,503904.70501739404,5039.04705017394,1.0,760.2617531017092
100,100,1.0,1,1.0,0.07,19,1000,507248.3592196358,5072.483592196358,1.0,785.1114034234998
100,100,1.0,1,1.0,0.07,20,1000,507992.3953332355,5079.923953332355,1.0,815.724628727148
100,100,1.0,1,1.0,0.07,21,1000,505179.1530804028,5051.791530804028,1.0,758.3705116912821
100,100,1.0,1,1.0,0.07,22,1000,509506.2849575456,5095.062849575455,1.0,750.4555690112026
100,100,1.0,1,1.0,0.07,23,1000,508783.71159287984,5087.837115928798,1.0,772.8414165853736
100,100,1.0,1,1.0,0.07,24,1000,503243.1757289099,5032.431757289099,1.0,721.859107214075
100,100,1.0,1,1.0,0.07,25,1000,505917.7774034485,5059.177774034485,1.0,713.807098543893
100,100,1.0,1,1.0,0.07,26,1000,505888.32722852204,5058.88327228522,1.0,741.4721279682523
100,100,1.0,1,1.0,0.07,27,1000,507646.8118306509,5076.468118306509,1.0,758.4086382932999
100,100,1.0,1,1.0,0.07,28,1000,503507.0356586622,5035.070356586622,1.0,770.4931666170571
100,100,1.0,1,1.0,0.07,29,1000,503277.6936407121,5032.776936407121,1.0,773.6612079568177
100,100,1.0,1,1.0,0.07,30,1000,502717.7027017015,5027.177027017015,1.0,729.2264009123963
100,100,1.0,1,1.0,0.07,31,1000,505495.2595301973,5054.952595301973,1.0,737.6779325803811
100,100,1.0,1,1.0,0.07,32,1000,508899.81562003697,5088.9981562003695,1.0,699.6878365209508
100,100,1.0,1,1.0,0.07,33,1000,504788.75988366955,5047.887598836695,1.0,773.277271055475
100,100,1.0,1,1.0,0.07,34,1000,503245.0930538246,5032.450930538246,1.0,725.749224969046
100,100,1.0,1,1.0,0.07,35,1000,505453.9108969598,5054.539108969598,1.0,788.1335276703566
100,100,1.0,1,1.0,0.07,36,1000,509338.2441807461,5093.382441807461,1.0,750.6334090166908
100,100,1.0,1,1.0,0.07,37,1000,506233.0937881299,5062.330937881299,1.0,763.8186784964216
100,100,1.0,1,1.0,0.07,38,1000,505623.20812366076,5056.232081236608,1.0,661.239908142162
100,100,1.0,1,1.0,0.07,39,1000,503740.8213098533,5037.4082130985325,1.0,728.9373061002328
100,100,1.0,1,1.0,0.07,40,1000,506029.39896810637,5060.293989681064,1.0,777.6024088973245
100,100,1.0,1,1.0,0.07,41,1000,508492.75671224395,5084.9275671224395,1.0,738.5419087986226
100,100,1.0,1,1.0,0.07,42,1000,508137.58297474723,5081.375829747472,1.0,718.2674216927277
100,100,1.0,1,1.0,0.07,43,1000,502943.89093051787,5029.438909305179,1.0,750.310944084275
100,100,1.0,1,1.0,0.07,44,1000,506034.6510302289,5060.346510302289,1.0,792.8110209838918
100,100,1.0,1,1.0,0.07,45,1000,500006.5154492777,5000.065154492777,1.0,726.7931546731412
100,100,1.0,1,1.0,0.07,46,1000,511239.4644464787,5112.394644464787,1.0,888.9603631806264
100,100,1.0,1,1.0,0.07,47,1000,503272.7420758554,5032.727420758554,1.0,731.2992751527073
100,100,1.0,1,1.0,0.07,48,1000,505103.66637390904,5051.036663739091,1.0,801.6393184203189
100,100,1.0,1,1.0,0.07,49,1000,505593.5238774822,5055.935238774822,1.0,742.541497067679
100,100,1.0,1,1.0,0.08,0,1000,501684.0911677423,5016.840911677424,1.0,720.114151065435
100,100,1.0,1,1.0,0.08,1,1000,505966.72001557,5059.6672001557,1.0,703.5433002613203
100,100,1.0,1,1.0,0.08,2,1000,500126.2338739531,5001.2623387395315,1.0,684.5506455183183
100,100,1.0,1,1.0,0.08,3,1000,503978.1669399687,5039.781669399687,1.0,693.6556922450203
100,100,1.0,1,1.0,0.08,4,1000,506471.44525678013,5064.714452567801,1.0,733.0156277135759
100,100,1.0,1,1.0,0.08,5,1000,502371.270917801,5023.71270917801,1.0,710.0469691236693
100,100,1.0,1,1.0,0.08,6,1000,502705.13770381006,5027.0513770381,1.0,690.9722624795403
100,100,1.0,1,1.0,0.08,7,1000,499842.5436442001,4998.425436442001,1.0,719.7549822026191
100,100,1.0,1,1.0,0.08,8,1000,507471.7349433153,5074.717349433154,1.0,706.1454600166735
100,100,1.0,1,1.0,0.08,9,1000,505282.8417732585,5052.828417732585,1.0,757.8694043415834
100,100,1.0,1,1.0,0.08,10,1000,500216.3042854022,5002.163042854022,1.0,766.5693485871949
100,100,1.0,1,1.0,0.08,11,1000,502895.63516255794,5028.956351625579,1.0,775.6704739783918
100,100,1.0,1,1.0,0.08,12,1000,505931.10795717494,5059.311079571749,1.0,691.9248985104289
100,100,1.0,1,1.0,0.08,13,1000,507251.35059801646,5072.513505980165,1.0,756.228983464395
100,100,1.0,1,1.0,0.08,14,1000,502797.26073575683,5027.972607357568,1.0,693.3103939273357
100,100,1.0,1,1.0,0.08,15,1000,506516.76517520985,5065.167651752098,1.0,673.8987484576135
100,100,1.0,1,1.0,0.08,16,1000,509907.1910126717,5099.071910126717,1.0,739.2271309019061
100,100,1.0,1,1.0,0.08,17,1000,502680.05644811224,5026.800564481123,1.0,708.1289217845931
100,100,1.0,1,1.0,0.08,18,1000,504584.69176294544,5045.846917629455,1.0,753.4562252101351
100,100,1.0,1,1.0,0.08,19,1000,506126.63966680097,5061.266396668009,1.0,662.5215623413449
100,100,1.0,1,1.0,0.08,20,1000,504072.94744329574,5040.729474432957,1.0,692.4349866576374
100,100,1.0,1,1.0,0.08,21,1000,501625.3317728706,5016.253317728706,1.0,699.0071632739962
100,100,1.0,1,1.0,0.08,22,1000,505365.10035987303,5053.65100359873,1.0,711.2890960536195
100,100,1.0,1,1.0,0.08,23,1000,509453.8997945459,5094.538997945459,1.0,714.8858134686865
100,100,1.0,1,1.0,0.08,24,1000,504853.12487466057,5048.531248746605,1.0,761.9795464174747
100,100,1.0,1,1.0,0.08,25,1000,502690.59252017434,5026.905925201743,1.0,776.8500775358128
100,100,1.0,1,1.0,0.08,26,1000,500093.23738920345,5000.932373892035,1.0,732.4162387919308
100,100,1.0,1,1.0,0.08,27,1000,504341.66857140197,5043.41668571402,1.0,675.9387945840091
100,100,1.0,1,1.0,0.08,28,1000,507838.8929430772,5078.388929430772,1.0,711.3190319726548
100,100,1.0,1,1.0,0.08,29,1000,505172.7616124422,5051.727616124422,1.0,726.0290318710729
100,100,1.0,1,1.0,0.08,30,1000,500496.80658271344,5004.9680658271345,1.0,704.630564247749
100,100,1.0,1,1.0,0.08,31,1000,505298.258017971,5052.98258017971,1.0,695.4453468120213
100,100,1.0,1,1.0,0.08,32,1000,505045.95040852716,5050.459504085272,1.0,697.7769344658234
100,100,1.0,1,1.0,0.08,33,1000,501373.49359357276,5013.734935935728,1.0,713.9013410589114
100,100,1.0,1,1.0,0.08,34,1000,503918.2834497963,5039.182834497963,1.0,732.312399365287
100,100,1.0,1,1.0,0.08,35,1000,509514.672362571,5095.14672362571,1.0,702.1943517005785
100,100,1.0,1,1.0,0.08,36,1000,508650.11549924046,5086.501154992405,1.0,725.6917031431709
100,100,1.0,1,1.0,0.08,37,1000,504695.27618847904,5046.952761884791,1.0,738.9063516161522
100,100,1.0,1,1.0,0.08,38,1000,502019.5663047561,5020.195663047561,1.0,760.5717251815688
100,100,1.0,1,1.0,0.08,39,1000,506394.5173651128,5063.945173651128,1.0,824.546885039311
100,100,1.0,1,1.0,0.08,40,1000,499063.85122729524,4990.6385122729525,1.0,686.8894177465069
100,100,1.0,1,1.0,0.08,41,1000,505091.55664114887,5050.915566411489,1.0,715.1422044024808
100,100,1.0,1,1.0,0.08,42,1000,505459.0175417954,5054.590175417954,1.0,752.6813883974088
100,100,1.0,1,1.0,0.08,43,1000,503093.1631161379,5030.931631161379,1.0,668.2743368887694
100,100,1.0,1,1.0,0.08,44,1000,504697.8213321135,5046.978213321136,1.0,732.9447411523482
100,100,1.0,1,1.0,0.08,45,1000,500707.9529505169,5007.0795295051685,1.0,717.1180664593217
100,100,1.0,1,1.0,0.08,46,1000,502411.7618926762,5024.117618926762,1.0,717.6690572262019
100,100,1.0,1,1.0,0.08,47,1000,505813.7191721574,5058.137191721574,1.0,710.8029099469039
100,100,1.0,1,1.0,0.08,48,1000,504837.3307419805,5048.373307419805,1.0,711.2665081467134
100,100,1.0,1,1.0,0.08,49,1000,502792.0968969963,5027.920968969963,1.0,743.7560025897932
100,100,1.0,1,1.0,0.09,0,1000,501403.3871130222,5014.033871130222,1.0,686.1230898980511
100,100,1.0,1,1.0,0.09,1,1000,506136.7252290671,5061.367252290671,1.0,739.7251627556238
100,100,1.0,1,1.0,0.09,2,1000,502658.6519145627,5026.586519145627,1.0,687.4866945799799
100,100,1.0,1,1.0,0.09,3,1000,499491.21324859915,4994.912132485992,1.0,636.0506349065403
100,100,1.0,1,1.0,0.09,4,1000,504278.7815010367,5042.787815010367,1.0,695.1038231511332
100,100,1.0,1,1.0,0.09,5,1000,499780.5503393033,4997.805503393033,1.0,724.5649300033252
100,100,1.0,1,1.0,0.09,6,1000,503864.78506062645,5038.647850606265,1.0,739.9492944330026
100,100,1.0,1,1.0,0.09,7,1000,499784.03378494683,4997.840337849469,1.0,690.7970841217959
100,100,1.0,1,1.0,0.09,8,1000,501093.38642324565,5010.9338642324565,1.0,731.3900330252176
100,100,1.0,1,1.0,0.09,9,1000,503927.4020805161,5039.274020805161,1.0,682.1840799321834
100,100,1.0,1,1.0,0.09,10,1000,505179.10726842243,5051.791072684225,1.0,662.1830631328688
100,100,1.0,1,1.0,0.09,11,1000,498487.58304962947,4984.875830496295,1.0,692.1931929194199
100,100,1.0,1,1.0,0.09,12,1000,500612.68318601954,5006.126831860195,1.0,703.3819603283691
100,100,1.0,1,1.0,0.09,13,1000,501020.2369808938,5010.202369808938,1.0,707.0643094988889
100,100,1.0,1,1.0,0.09,14,1000,506787.47951586917,5067.874795158692,1.0,729.2039138932971
100,100,1.0,1,1.0,0.09,15,1000,501198.64334087423,5011.986433408742,1.0,624.6974387164163
100,100,1.0,1,1.0,0.09,16,1000,503601.2282503394,5036.012282503394,1.0,700.1786652579173
100,100,1.0,1,1.0,0.09,17,1000,506486.5045075252,5064.865045075252,1.0,694.9811251422493
100,100,1.0,1,1.0,0.09,18,1000,502569.10891694506,5025.691089169451,1.0,700.8520097277432
100,100,1.0,1,1.0,0.09,19,1000,506734.22384102806,5067.3422384102805,1.0,694.6473737415532
100,100,1.0,1,1.0,0.09,20,1000,506993.8464897998,5069.938464897998,1.0,724.3152771969974
100,100,1.0,1,1.0,0.09,21,1000,500192.45895226946,5001.924589522695,1.0,679.5518790150786
100,100,1.0,1,1.0,0.09,22,1000,498790.8944361053,4987.908944361054,1.0,640.5195411008451
100,100,1.0,1,1.0,0.09,23,1000,498625.7697307076,4986.257697307075,1.0,674.4753033335116
100,100,1.0,1,1.0,0.09,24,1000,505667.6175239637,5056.676175239637,1.0,696.2718102272213
100,100,1.0,1,1.0,0.09,25,1000,502527.2211967886,5025.272211967886,1.0,686.3313968083819
100,100,1.0,1,1.0,0.09,26,1000,502970.73055910156,5029.707305591016,1.0,708.0709284137406
100,100,1.0,1,1.0,0.09,27,1000,501276.7184662805,5012.7671846628045,1.0,665.2726972860082
100,100,1.0,1,1.0,0.09,28,1000,502630.73918317206,5026.30739183172,1.0,703.4490655046575
100,100,1.0,1,1.0,0.09,29,1000,504974.54211169295,5049.74542111693,1.0,651.5670674542511
100,100,1.0,1,1.0,0.09,30,1000,501161.77305522555,5011.617730552255,1.0,670.8708403289311
100,100,1.0,1,1.0,0.09,31,1000,504568.35289446596,5045.68352894466,1.0,677.0390185774238
100,100,1.0,1,1.0,0.09,32,1000,499767.9351594059,4997.679351594059,1.0,693.4020224223578
100,100,1.0,1,1.0,0.09,33,1000,498417.5676006123,4984.175676006123,1.0,686.5805035634489
100,100,1.0,1,1.0,0.09,34,1000,505774.58968841244,5057.745896884125,1.0,715.9976598252414
100,100,1.0,1,1.0,0.09,35,1000,505075.10316943756,5050.751031694375,1.0,706.4327074708748
100,100,1.0,1,1.0,0.09,36,1000,503309.7441675207,5033.097441675207,1.0,716.0780353873918
100,100,1.0,1,1.0,0.09,37,1000,500085.8056593028,5000.858056593028,1.0,691.5242814032916
100,100,1.0,1,1.0,0.09,38,1000,502632.5358336618,5026.325358336618,1.0,734.9525969314373
100,100,1.0,1,1.0,0.09,39,1000,498046.3151095028,4980.4631510950285,1.0,681.5650370969606
100,100,1.0,1,1.0,0.09,40,1000,501663.56557792716,5016.6356557792715,1.0,708.3181573330023
100,100,1.0,1,1.0,0.09,41,1000,500530.7577416518,5005.307577416518,1.0,644.8264537665301
100,100,1.0,1,1.0,0.09,42,1000,500429.5054548261,5004.295054548261,1.0,694.1317844388564
100,100,1.0,1,1.0,0.09,43,1000,502412.97276140464,5024.129727614047,1.0,708.1761492844731
100,100,1.0,1,1.0,0.09,44,1000,503748.19510003994,5037.481951000399,1.0,630.3462634465224
100,100,1.0,1,1.0,0.09,45,1000,498842.2448415299,4988.422448415298,1.0,668.5213973365843
100,100,1.0,1,1.0,0.09,46,1000,499521.5881534512,4995.215881534512,1.0,676.844264547987
100,100,1.0,1,1.0,0.09,47,1000,502741.9707047539,5027.419707047538,1.0,732.3310767258915
100,100,1.0,1,1.0,0.09,48,1000,501938.18570144544,5019.381857014454,1.0,703.0956579923997
100,100,1.0,1,1.0,0.09,49,1000,499784.2321419258,4997.842321419258,1.0,648.2360145728397
100,100,1.0,1,1.0,0.1,0,1000,498899.70778236707,4988.997077823671,1.0,690.6272469506468
100,100,1.0,1,1.0,0.1,1,1000,500866.2589257209,5008.662589257208,1.0,676.8833695167896
100,100,1.0,1,1.0,0.1,2,1000,499555.37847917393,4995.553784791739,1.0,709.7843518034024
100,100,1.0,1,1.0,0.1,3,1000,502269.3305768669,5022.693305768669,1.0,656.8286533731014
100,100,1.0,1,1.0,0.1,4,1000,500767.529031488,5007.67529031488,1.0,681.8832085767378
100,100,1.0,1,1.0,0.1,5,1000,501125.3493394666,5011.253493394666,1.0,688.4081765126542
100,100,1.0,1,1.0,0.1,6,1000,499656.2400360087,4996.562400360087,1.0,621.0554241171797
100,100,1.0,1,1.0,0.1,7,1000,504432.4968025034,5044.324968025034,1.0,706.4348408376134
100,100,1.0,1,1.0,0.1,8,1000,499148.12140366604,4991.48121403666,1.0,657.6948320416036
100,100,1.0,1,1.0,0.1,9,1000,501314.2018103639,5013.142018103639,1.0,680.7629120091012
100,100,1.0,1,1.0,0.1,10,1000,499195.6205645944,4991.956205645944,1.0,706.1000209696234
100,100,1.0,1,1.0,0.1,11,1000,499945.0555356335,4999.450555356335,1.0,685.2837828263067
100,100,1.0,1,1.0,0.1,12,1000,504993.540731388,5049.93540731388,1.0,657.0098430417958
100,100,1.0,1,1.0,0.1,13,1000,499388.41797696997,4993.8841797697,1.0,661.657862954142
100,100,1.0,1,1.0,0.1,14,1000,498297.9132918755,4982.979132918755,1.0,663.2372802740564
100,100,1.0,1,1.0,0.1,15,1000,495505.0633528885,4955.050633528885,1.0,683.5926052428183
100,100,1.0,1,1.0,0.1,16,1000,500489.02607877844,5004.890260787784,1.0,658.8066711455537
100,100,1.0,1,1.0,0.1,17,1000,501808.1202587487,5018.0812025874875,1.0,656.6870949501501
100,100,1.0,1,1.0,0.1,18,1000,502125.3314184572,5021.253314184572,1.0,718.021772623269
100,100,1.0,1,1.0,0.1,19,1000,498748.0182825599,4987.480182825599,1.0,644.6078693968786
100,100,1.0,1,1.0,0.1,20,1000,501247.69028659695,5012.476902865969,1.0,614.1248314100179
100,100,1.0,1,1.0,0.1,21,1000,500800.52947730577,5008.005294773057,1.0,697.1993872503979
100,100,1.0,1,1.0,0.1,22,1000,496829.7145446463,4968.297145446463,1.0,684.9110223772581
100,100,1.0,1,1.0,0.1,23,1000,502052.873852142,5020.528738521421,1.0,663.5575344129761
100,100,1.0,1,1.0,0.1,24,1000,498670.0659530183,4986.700659530183,1.0,689.060298078835
100,100,1.0,1,1.0,0.1,25,1000,500565.3003094237,5005.653003094237,1.0,655.985052975442
100,100,1.0,1,1.0,0.1,26,1000,498641.73280783894,4986.41732807839,1.0,653.6852151613517
100,100,1.0,1,1.0,0.1,27,1000,498876.812215617,4988.76812215617,1.0,668.2439430610373
100,100,1.0,1,1.0,0.1,28,1000,499883.3333038826,4998.833333038826,1.0,671.3312966652277
100,100,1.0,1,1.0,0.1,29,1000,496106.3253384631,4961.063253384631,1.0,673.5013423564116
100,100,1.0,1,1.0,0.1,30,1000,498939.91161820205,4989.39911618202,1.0,664.3401253147897
100,100,1.0,1,1.0,0.1,31,1000,502906.6664548365,5029.066664548365,1.0,673.6394650102245
100,100,1.0,1,1.0,0.1,32,1000,498961.3476750597,4989.613476750597,1.0,647.6686969635726
100,100,1.0,1,1.0,0.1,33,1000,502748.54872601916,5027.485487260192,1.0,711.2403586413386
100,100,1.0,1,1.0,0.1,34,1000,497474.92443554086,4974.749244355408,1.0,603.7625579892879
100,100,1.0,1,1.0,0.1,35,1000,499489.2833422491,4994.892833422491,1.0,706.3776922788716
100,100,1.0,1,1.0,0.1,36,1000,502843.1957751625,5028.431957751625,1.0,644.4479072270559
100,100,1.0,1,1.0,0.1,37,1000,501622.92069746216,5016.229206974622,1.0,620.957854719573
100,100,1.0,1,1.0,0.1,38,1000,495676.743509557,4956.767435095569,1.0,649.6231667613387
100,100,1.0,1,1.0,0.1,39,1000,501152.4811906504,5011.524811906504,1.0,641.368085576274
100,100,1.0,1,1.0,0.1,40,1000,503084.6014457655,5030.846014457656,1.0,677.3654938428764
100,100,1.0,1,1.0,0.1,41,1000,500887.6688422269,5008.876688422269,1.0,686.1035192204919
100,100,1.0,1,1.0,0.1,42,1000,496988.6902421471,4969.886902421471,1.0,657.2939632762392
100,100,1.0,1,1.0,0.1,43,1000,501776.39193258143,5017.763919325815,1.0,689.695385554627
100,100,1.0,1,1.0,0.1,44,1000,500946.4008316434,5009.464008316434,1.0,683.8502548620127
100,100,1.0,1,1.0,0.1,45,1000,502012.1612579244,5020.121612579244,1.0,704.9136211602115
100,100,1.0,1,1.0,0.1,46,1000,500000.76843402075,5000.007684340208,1.0,673.2232090701453
100,100,1.0,1,1.0,0.1,47,1000,502141.39783453644,5021.413978345365,1.0,664.4356404058756
100,100,1.0,1,1.0,0.1,48,1000,498676.1682653659,4986.761682653659,1.0,676.5296881546944
100,100,1.0,1,1.0,0.1,49,1000,500155.65135291015,5001.556513529102,1.0,708.0125576445076
100,100,1.0,1,1.0,0.12,0,1000,493618.0685023258,4936.180685023258,1.0,599.6620475545404
100,100,1.0,1,1.0,0.12,1,1000,497866.1488559673,4978.661488559673,1.0,635.6241930414775
100,100,1.0,1,1.0,0.12,2,1000,495920.84023389703,4959.208402338971,1.0,649.3661385651806
100,100,1.0,1,1.0,0.12,3,1000,498905.01062731654,4989.0501062731655,1.0,589.0109179320192
100,100,1.0,1,1.0,0.12,4,1000,499946.53905447427,4999.465390544743,1.0,641.056728444143
100,100,1.0,1,1.0,0.12,5,1000,495055.4692119628,4950.554692119627,1.0,556.5699200565131
100,100,1.0,1,1.0,0.12,6,1000,499974.1177955766,4999.741177955766,1.0,618.4262180718831
100,100,1.0,1,1.0,0.12,7,1000,498511.0299646562,4985.110299646562,1.0,639.2062094114298
100,100,1.0,1,1.0,0.12,8,1000,498499.20484380994,4984.992048438099,1.0,589.9045224319833
100,100,1.0,1,1.0,0.12,9,1000,497815.6256142154,4978.156256142154,1.0,612.4483680602885
100,100,1.0,1,1.0,0.12,10,1000,497596.1718308649,4975.961718308649,1.0,640.6787029547132
100,100,1.0,1,1.0,0.12,11,1000,499893.07874754065,4998.930787475407,1.0,632.7305605152485
100,100,1.0,1,1.0,0.12,12,1000,493544.0218624581,4935.440218624581,1.0,570.4272019342147
100,100,1.0,1,1.0,0.12,13,1000,495120.19967695023,4951.201996769502,1.0,620.4793409255923
100,100,1.0,1,1.0,0.12,14,1000,494762.18694306386,4947.621869430639,1.0,656.7241196188767
100,100,1.0,1,1.0,0.12,15,1000,493785.6391517703,4937.856391517703,1.0,604.9572516498905
100,100,1.0,1,1.0,0.12,16,1000,496298.09446667676,4962.980944666768,1.0,599.815821765696
100,100,1.0,1,1.0,0.12,17,1000,497811.3932182322,4978.113932182322,1.0,625.7484531558059
100,100,1.0,1,1.0,0.12,18,1000,494838.7701205085,4948.387701205085,1.0,606.8587234807225
100,100,1.0,1,1.0,0.12,19,1000,492859.85047136276,4928.598504713627,1.0,633.1967058949035
100,100,1.0,1,1.0,0.12,20,1000,496200.25682025927,4962.002568202593,1.0,579.4902211779463
100,100,1.0,1,1.0,0.12,21,1000,494489.4029565981,4944.894029565981,1.0,612.5083683711284
100,100,1.0,1,1.0,0.12,22,1000,494303.9483768836,4943.039483768835,1.0,652.2455482627724
100,100,1.0,1,1.0,0.12,23,1000,497930.19905264716,4979.301990526472,1.0,641.5353522916639
100,100,1.0,1,1.0,0.12,24,1000,498583.0363330382,4985.830363330382,1.0,650.2587993994148
100,100,1.0,1,1.0,0.12,25,1000,495386.4794623808,4953.864794623808,1.0,581.8414821770704
100,100,1.0,1,1.0,0.12,26,1000,496070.6830083079,4960.706830083079,1.0,652.7436858681984
100,100,1.0,1,1.0,0.12,27,1000,495010.9408374564,4950.109408374564,1.0,647.6126942091817
100,100,1.0,1,1.0,0.12,28,1000,495164.44710177276,4951.6444710177275,1.0,590.8125021530992
100,100,1.0,1,1.0,0.12,29,1000,496244.1080460281,4962.441080460281,1.0,606.6455132130304
100,100,1.0,1,1.0,0.12,30,1000,493423.9535339393,4934.239535339393,1.0,663.7961487034503
100,100,1.0,1,1.0,0.12,31,1000,497075.17145935266,4970.751714593526,1.0,623.0259385066146
100,100,1.0,1,1.0,0.12,32,1000,498620.5336401991,4986.205336401991,1.0,610.2977085729545
100,100,1.0,1,1.0,0.12,33,1000,500173.51360813214,5001.735136081322,1.0,635.1724583668638
100,100,1.0,1,1.0,0.12,34,1000,495574.8570549218,4955.748570549218,1.0,563.5969367552393
100,100,1.0,1,1.0,0.12,35,1000,494217.28662706324,4942.172866270633,1.0,645.307679610931
100,100,1.0,1,1.0,0.12,36,1000,498248.11629398476,4982.481162939847,1.0,684.6636291469791
100,100,1.0,1,1.0,0.12,37,1000,493817.0219521757,4938.170219521757,1.0,648.4696989298317
100,100,1.0,1,1.0,0.12,38,1000,499894.0149393785,4998.940149393785,1.0,588.3292701291748
100,100,1.0,1,1.0,0.12,39,1000,496335.3184977653,4963.353184977653,1.0,643.1538138320633
100,100,1.0,1,1.0,0.12,40,1000,493960.0539419682,4939.600539419682,1.0,652.2240758303441
100,100,1.0,1,1.0,0.12,41,1000,493802.9494798107,4938.029494798107,1.0,577.6567283200918
100,100,1.0,1,1.0,0.12,42,1000,499187.1085010286,4991.871085010286,1.0,617.4120863514817
100,100,1.0,1,1.0,0.12,43,1000,500939.20511826006,5009.392051182601,1.0,631.024146809588
100,100,1.0,1,1.0,0.12,44,1000,496075.92908850906,4960.75929088509,1.0,590.3328728306196
100,100,1.0,1,1.0,0.12,45,1000,496729.39405395946,4967.293940539595,1.0,567.941396739142
100,100,1.0,1,1.0,0.12,46,1000,492994.9026106743,4929.949026106743,1.0,644.2541582464848
100,100,1.0,1,1.0,0.12,47,1000,501062.3696058492,5010.623696058492,1.0,632.1931855531045
100,100,1.0,1,1.0,0.12,48,1000,496685.68675071525,4966.856867507153,1.0,640.4664614659533
100,100,1.0,1,1.0,0.12,49,1000,496148.6338404015,4961.4863384040145,1.0,643.5311367737187
100,100,1.0,1,1.0,0.14,0,1000,494652.5759149125,4946.525759149125,1.0,625.8564254943216
100,100,1.0,1,1.0,0.14,1,1000,491947.65516152,4919.4765516152,1.0,590.8863145347995
100,100,1.0,1,1.0,0.14,2,1000,490536.02194879594,4905.3602194879595,1.0,589.7698544152586
100,100,1.0,1,1.0,0.14,3,1000,491355.4610569801,4913.5546105698,1.0,590.4200155132097
100,100,1.0,1,1.0,0.14,4,1000,492649.0141903911,4926.4901419039115,1.0,591.8923656586685
100,100,1.0,1,1.0,0.14,5,1000,490429.0968942314,4904.290968942314,1.0,582.0057520472742
100,100,1.0,1,1.0,0.14,6,1000,492515.5594878869,4925.155594878869,1.0,574.4637328314063
100,100,1.0,1,1.0,0.14,7,1000,490408.29485208413,4904.0829485208415,1.0,556.3179958410577
100,100,1.0,1,1.0,0.14,8,1000,493288.8030694251,4932.888030694251,1.0,586.7587914485167
100,100,1.0,1,1.0,0.14,9,1000,489321.9891061236,4893.219891061236,1.0,584.0447489440298
100,100,1.0,1,1.0,0.14,10,1000,490714.12908444455,4907.141290844445,1.0,593.8466453141457
100,100,1.0,1,1.0,0.14,11,1000,493535.97929044795,4935.35979290448,1.0,570.7765835885945
100,100,1.0,1,1.0,0.14,12,1000,493213.8396167829,4932.138396167829,1.0,636.021060631216
100,100,1.0,1,1.0,0.14,13,1000,488190.36771360657,4881.903677136066,1.0,528.0139791590905
100,100,1.0,1,1.0,0.14,14,1000,492326.59181499184,4923.265918149918,1.0,541.950322000302
100,100,1.0,1,1.0,0.14,15,1000,490597.552535312,4905.97552535312,1.0,521.6467571900097
100,100,1.0,1,1.0,0.14,16,1000,493706.4573338838,4937.064573338838,1.0,563.8480214830214
100,100,1.0,1,1.0,0.14,17,1000,491905.12352928746,4919.0512352928745,1.0,553.930273859711
100,100,1.0,1,1.0,0.14,18,1000,492612.0052502049,4926.120052502049,1.0,592.9554764857702
100,100,1.0,1,1.0,0.14,19,1000,490534.78708335775,4905.347870833578,1.0,547.2185467859648
100,100,1.0,1,1.0,0.14,20,1000,493061.30667727353,4930.613066772736,1.0,592.2955327087923
100,100,1.0,1,1.0,0.14,21,1000,491669.1398322174,4916.691398322174,1.0,570.2853049546421
100,100,1.0,1,1.0,0.14,22,1000,492013.172202408,4920.13172202408,1.0,564.640539394186
100,100,1.0,1,1.0,0.14,23,1000,490749.0098088951,4907.4900980889515,1.0,559.1225024229826
100,100,1.0,1,1.0,0.14,24,1000,490959.027156249,4909.59027156249,1.0,553.2233817036807
100,100,1.0,1,1.0,0.14,25,1000,491298.1435850745,4912.981435850746,1.0,561.5241828857808
100,100,1.0,1,1.0,0.14,26,1000,491077.09551614325,4910.7709551614325,1.0,594.7604312063163
100,100,1.0,1,1.0,0.14,27,1000,491210.3856653563,4912.103856653563,1.0,536.4655074303439
100,100,1.0,1,1.0,0.14,28,1000,492684.9732116044,4926.849732116044,1.0,562.2824854930768
100,100,1.0,1,1.0,0.14,29,1000,490394.938244599,4903.94938244599,1.0,562.7541722665952
100,100,1.0,1,1.0,0.14,30,1000,491431.0588450306,4914.310588450306,1.0,608.790739141425
100,100,1.0,1,1.0,0.14,31,1000,492362.7714001742,4923.627714001742,1.0,563.9313826087418
100,100,1.0,1,1.0,0.14,32,1000,494735.8621184921,4947.358621184921,1.0,590.5598476248095
100,100,1.0,1,1.0,0.14,33,1000,491002.2977471302,4910.0229774713025,1.0,562.164826909575
100,100,1.0,1,1.0,0.14,34,1000,489026.35193229996,4890.263519323,1.0,549.1685254567539
100,100,1.0,1,1.0,0.14,35,1000,493512.94030572986,4935.129403057299,1.0,579.0369239296375
100,100,1.0,1,1.0,0.14,36,1000,491509.0117843978,4915.090117843978,1.0,571.0837791926044
100,100,1.0,1,1.0,0.14,37,1000,488628.13910622674,4886.281391062267,1.0,580.9704884683919
100,100,1.0,1,1.0,0.14,38,1000,491153.0623387584,4911.530623387584,1.0,528.9304593303802
100,100,1.0,1,1.0,0.14,39,1000,492242.4400040721,4922.424400040721,1.0,551.4475503644353
100,100,1.0,1,1.0,0.14,40,1000,492680.8164596528,4926.808164596528,1.0,555.2352354198603
100,100,1.0,1,1.0,0.14,41,1000,489911.01083017647,4899.110108301765,1.0,579.6921134653189
100,100,1.0,1,1.0,0.14,42,1000,493003.5588023012,4930.035588023012,1.0,586.616730884732
100,100,1.0,1,1.0,0.14,43,1000,486760.77216880955,4867.607721688096,1.0,555.9255893163364
100,100,1.0,1,1.0,0.14,44,1000,491308.7564830795,4913.087564830796,1.0,534.6765176962477
100,100,1.0,1,1.0,0.14,45,1000,491943.27623420145,4919.432762342014,1.0,585.0367450630107
100,100,1.0,1,1.0,0.14,46,1000,491671.50990390347,4916.715099039035,1.0,582.4687187883269
100,100,1.0,1,1.0,0.14,47,1000,497458.93497796624,4974.589349779662,1.0,587.4882196738182
100,100,1.0,1,1.0,0.14,48,1000,487185.66128619347,4871.856612861935,1.0,565.8681380396904
100,100,1.0,1,1.0,0.14,49,1000,491524.44940727495,4915.244494072749,1.0,542.8477565235174
100,100,1.0,1,1.0,0.16,0,1000,487621.1215600609,4876.211215600609,1.0,518.196759233795
100,100,1.0,1,1.0,0.16,1,1000,487578.51096927235,4875.785109692723,1.0,498.01556580666676
100,100,1.0,1,1.0,0.16,2,1000,489296.2224624121,4892.962224624121,1.0,509.4963410153867
100,100,1.0,1,1.0,0.16,3,1000,484498.2197661754,4844.982197661754,1.0,495.0760544896616
100,100,1.0,1,1.0,0.16,4,1000,488604.30210267776,4886.043021026778,1.0,549.3036427324902
100,100,1.0,1,1.0,0.16,5,1000,485487.021594642,4854.87021594642,1.0,540.7805406729805
100,100,1.0,1,1.0,0.16,6,1000,485652.7840205885,4856.527840205885,1.0,554.033066489884
100,100,1.0,1,1.0,0.16,7,1000,486210.48255726864,4862.104825572686,1.0,491.2841378406283
100,100,1.0,1,1.0,0.16,8,1000,485406.22295711696,4854.062229571169,1.0,533.4139717195753
100,100,1.0,1,1.0,0.16,9,1000,487191.065614948,4871.91065614948,1.0,532.6958106639679
100,100,1.0,1,1.0,0.16,10,1000,484897.94442938664,4848.979444293866,1.0,499.1867563355396
100,100,1.0,1,1.0,0.16,11,1000,486879.5324639173,4868.795324639173,1.0,519.9598894043836
100,100,1.0,1,1.0,0.16,12,1000,486120.70279720984,4861.207027972098,1.0,522.5535218079943
100,100,1.0,1,1.0,0.16,13,1000,483688.0605591342,4836.880605591342,1.0,516.525426852659
100,100,1.0,1,1.0,0.16,14,1000,488250.2290181786,4882.502290181786,1.0,550.5018927013425
100,100,1.0,1,1.0,0.16,15,1000,486503.5884979498,4865.035884979498,1.0,507.77322101218914
100,100,1.0,1,1.0,0.16,16,1000,487065.6643998368,4870.656643998368,1.0,511.9386368204613
100,100,1.0,1,1.0,0.16,17,1000,488376.560087178,4883.76560087178,1.0,559.0032956357959
100,100,1.0,1,1.0,0.16,18,1000,488591.30410393496,4885.91304103935,1.0,495.96386583654396
100,100,1.0,1,1.0,0.16,19,1000,489393.4153470117,4893.934153470117,1.0,548.100222990546
100,100,1.0,1,1.0,0.16,20,1000,488230.0592708047,4882.300592708047,1.0,524.5334558616064
100,100,1.0,1,1.0,0.16,21,1000,488291.09746714943,4882.910974671494,1.0,517.9702511984663
100,100,1.0,1,1.0,0.16,22,1000,486570.4771155085,4865.704771155085,1.0,524.9709002026309
100,100,1.0,1,1.0,0.16,23,1000,488264.9770637533,4882.649770637533,1.0,528.5484187517849
100,100,1.0,1,1.0,0.16,24,1000,484462.81668805727,4844.628166880572,1.0,510.23315323684
100,100,1.0,1,1.0,0.16,25,1000,487429.3696828562,4874.293696828562,1.0,544.9404560033845
100,100,1.0,1,1.0,0.16,26,1000,487346.7680569225,4873.467680569225,1.0,550.2217591517102
100,100,1.0,1,1.0,0.16,27,1000,488493.8183326914,4884.9381833269135,1.0,535.1442083554886
100,100,1.0,1,1.0,0.16,28,1000,490788.45829056506,4907.884582905651,1.0,522.8109664997281
100,100,1.0,1,1.0,0.16,29,1000,487298.6949523779,4872.986949523779,1.0,513.6442332323024
100,100,1.0,1,1.0,0.16,30,1000,485275.6426852758,4852.7564268527585,1.0,537.2278314158899
100,100,1.0,1,1.0,0.16,31,1000,487099.8214470631,4870.998214470631,1.0,502.91176343565667
100,100,1.0,1,1.0,0.16,32,1000,491783.45382041443,4917.834538204144,1.0,550.8606552235937
100,100,1.0,1,1.0,0.16,33,1000,486292.1986669587,4862.921986669588,1.0,494.02050455138414
100,100,1.0,1,1.0,0.16,34,1000,487727.14928089484,4877.271492808948,1.0,507.79296499947145
100,100,1.0,1,1.0,0.16,35,1000,484787.5761464829,4847.875761464829,1.0,550.837604136142
100,100,1.0,1,1.0,0.16,36,1000,485415.5253719503,4854.155253719503,1.0,529.4346624216638
100,100,1.0,1,1.0,0.16,37,1000,490164.8395400112,4901.648395400112,1.0,520.007357184947
100,100,1.0,1,1.0,0.16,38,1000,487268.1155851646,4872.681155851646,1.0,548.1721986346867
100,100,1.0,1,1.0,0.16,39,1000,488852.22079630004,4888.522207963,1.0,561.3891981724487
100,100,1.0,1,1.0,0.16,40,1000,486653.3157847502,4866.5331578475025,1.0,528.071164350399
100,100,1.0,1,1.0,0.16,41,1000,488042.2613423914,4880.422613423913,1.0,557.9372635224341
100,100,1.0,1,1.0,0.16,42,1000,484366.3657547846,4843.663657547846,1.0,544.4432956999021
100,100,1.0,1,1.0,0.16,43,1000,486019.2074712254,4860.192074712254,1.0,509.51556036549323
100,100,1.0,1,1.0,0.16,44,1000,486255.8099292244,4862.558099292244,1.0,532.7377927718942
100,100,1.0,1,1.0,0.16,45,1000,484713.5911813528,4847.135911813528,1.0,514.5278246570665
100,100,1.0,1,1.0,0.16,46,1000,484142.7982098128,4841.427982098128,1.0,548.5831161872184
100,100,1.0,1,1.0,0.16,47,1000,489785.7291442452,4897.857291442452,1.0,506.4818364572215
100,100,1.0,1,1.0,0.16,48,1000,486783.16027382406,4867.831602738241,1.0,496.6770326831641
100,100,1.0,1,1.0,0.16,49,1000,487710.28279230435,4877.102827923043,1.0,528.6111585536689
100,100,1.0,1,1.0,0.18,0,1000,481823.82132700965,4818.238213270097,1.0,480.47572549367976
100,100,1.0,1,1.0,0.18,1,1000,484363.0704049606,4843.630704049606,1.0,495.7483248139594
100,100,1.0,1,1.0,0.18,2,1000,484592.122978623,4845.9212297862305,1.0,485.3933044834935
100,100,1.0,1,1.0,0.18,3,1000,483231.58171222446,4832.315817122245,1.0,434.8618998888774
100,100,1.0,1,1.0,0.18,4,1000,481183.4625010704,4811.834625010704,1.0,470.76435454536005
100,100,1.0,1,1.0,0.18,5,1000,484882.37611902284,4848.823761190229,1.0,528.0196018891137
100,100,1.0,1,1.0,0.18,6,1000,486113.30598230293,4861.13305982303,1.0,477.7248267908977
100,100,1.0,1,1.0,0.18,7,1000,482036.533903713,4820.36533903713,1.0,498.7780317087095
100,100,1.0,1,1.0,0.18,8,1000,481458.68951273116,4814.586895127311,1.0,529.1775078777187
100,100,1.0,1,1.0,0.18,9,1000,484955.1866654729,4849.55186665473,1.0,488.43124825685356
100,100,1.0,1,1.0,0.18,10,1000,480952.0478192698,4809.520478192699,1.0,507.38318190070385
100,100,1.0,1,1.0,0.18,11,1000,483227.20070157386,4832.272007015738,1.0,481.5575099256629
100,100,1.0,1,1.0,0.18,12,1000,481785.4621017873,4817.854621017873,1.0,504.5407377795446
100,100,1.0,1,1.0,0.18,13,1000,483463.3858164059,4834.633858164058,1.0,478.7809541859503
100,100,1.0,1,1.0,0.18,14,1000,481575.94970484223,4815.759497048422,1.0,500.1542258433158
100,100,1.0,1,1.0,0.18,15,1000,482541.14049385505,4825.411404938551,1.0,457.31506609952413
100,100,1.0,1,1.0,0.18,16,1000,482866.2749845393,4828.662749845393,1.0,454.55660137141086
100,100,1.0,1,1.0,0.18,17,1000,481578.9289379181,4815.789289379181,1.0,485.60473756822853
100,100,1.0,1,1.0,0.18,18,1000,480894.65800158295,4808.94658001583,1.0,449.2346946663775
100,100,1.0,1,1.0,0.18,19,1000,478048.73878813547,4780.487387881355,1.0,485.19491827243644
100,100,1.0,1,1.0,0.18,20,1000,483751.2437236983,4837.512437236983,1.0,515.5020826201253
100,100,1.0,1,1.0,0.18,21,1000,482919.46518243104,4829.19465182431,1.0,524.9705139903714
100,100,1.0,1,1.0,0.18,22,1000,481279.06115244236,4812.790611524423,1.0,434.9254827005788
100,100,1.0,1,1.0,0.18,23,1000,481860.803502474,4818.608035024739,1.0,463.89780947894076
100,100,1.0,1,1.0,0.18,24,1000,479826.21588338626,4798.2621588338625,1.0,505.20801012281265
100,100,1.0,1,1.0,0.18,25,1000,482357.9267173913,4823.579267173913,1.0,501.57650340904814
100,100,1.0,1,1.0,0.18,26,1000,484361.0503369482,4843.610503369482,1.0,507.2946219063232
100,100,1.0,1,1.0,0.18,27,1000,484507.6413129577,4845.076413129576,1.0,482.47388941875903
100,100,1.0,1,1.0,0.18,28,1000,483292.5651368128,4832.9256513681285,1.0,506.75853395346024
100,100,1.0,1,1.0,0.18,29,1000,484352.2878803757,4843.522878803757,1.0,484.8862712918376
100,100,1.0,1,1.0,0.18,30,1000,479949.01877058356,4799.4901877058355,1.0,452.2412782537966
100,100,1.0,1,1.0,0.18,31,1000,483036.61076690885,4830.366107669089,1.0,469.0028600802403
100,100,1.0,1,1.0,0.18,32,1000,482819.58538626233,4828.195853862623,1.0,503.55443821547044
100,100,1.0,1,1.0,0.18,33,1000,483952.50600833615,4839.5250600833615,1.0,493.54524356169196
100,100,1.0,1,1.0,0.18,34,1000,479815.3918351057,4798.153918351058,1.0,452.54009961668834
100,100,1.0,1,1.0,0.18,35,1000,481755.9584053033,4817.559584053033,1.0,483.89738174996916
100,100,1.0,1,1.0,0.18,36,1000,480945.64210139716,4809.4564210139715,1.0,509.0378178059949
100,100,1.0,1,1.0,0.18,37,1000,482729.20127757685,4827.292012775769,1.0,488.5044100949455
100,100,1.0,1,1.0,0.18,38,1000,482045.03087191377,4820.450308719138,1.0,479.45413399629786
100,100,1.0,1,1.0,0.18,39,1000,481410.0047127759,4814.100047127758,1.0,476.7531064027285
100,100,1.0,1,1.0,0.18,40,1000,483249.82283279195,4832.49822832792,1.0,526.0703418164615
100,100,1.0,1,1.0,0.18,41,1000,480592.423549525,4805.924235495249,1.0,453.5447942870323
100,100,1.0,1,1.0,0.18,42,1000,481809.25234033196,4818.092523403319,1.0,483.5968827001554
100,100,1.0,1,1.0,0.18,43,1000,482788.0635939692,4827.880635939692,1.0,471.5293120796689
100,100,1.0,1,1.0,0.18,44,1000,483307.7122139194,4833.077122139194,1.0,472.4609519874625
100,100,1.0,1,1.0,0.18,45,1000,484502.2499113912,4845.022499113912,1.0,518.5796323227377
100,100,1.0,1,1.0,0.18,46,1000,480358.10376866005,4803.5810376866,1.0,473.69715866539303
100,100,1.0,1,1.0,0.18,47,1000,481600.18072138,4816.0018072138,1.0,477.61269309948443
100,100,1.0,1,1.0,0.18,48,1000,479757.79926276294,4797.577992627629,1.0,458.3378615413067
100,100,1.0,1,1.0,0.18,49,1000,483322.27104595123,4833.222710459512,1.0,484.00913351588184
100,100,1.0,1,1.0,0.2,0,1000,476307.4229816244,4763.074229816244,1.0,444.9352995064748
100,100,1.0,1,1.0,0.2,1,1000,478101.1604860776,4781.011604860776,1.0,419.9838042111146
100,100,1.0,1,1.0,0.2,2,1000,479775.329346114,4797.75329346114,1.0,455.773230534563
100,100,1.0,1,1.0,0.2,3,1000,476862.720722598,4768.62720722598,1.0,402.8764035842591
100,100,1.0,1,1.0,0.2,4,1000,479218.1645551925,4792.181645551926,1.0,446.45868059040095
100,100,1.0,1,1.0,0.2,5,1000,477326.3840811411,4773.263840811411,1.0,465.65980497251314
100,100,1.0,1,1.0,0.2,6,1000,478475.02372886933,4784.750237288693,1.0,480.92591603065324
100,100,1.0,1,1.0,0.2,7,1000,475455.8445174043,4754.558445174042,1.0,422.6882311898356
100,100,1.0,1,1.0,0.2,8,1000,477904.6582817981,4779.046582817981,1.0,442.5283087174296
100,100,1.0,1,1.0,0.2,9,1000,477224.60911734524,4772.246091173452,1.0,414.00819979045855
100,100,1.0,1,1.0,0.2,10,1000,476493.65826741036,4764.936582674103,1.0,470.96878545518746
100,100,1.0,1,1.0,0.2,11,1000,476334.67139282264,4763.346713928227,1.0,427.8297288279675
100,100,1.0,1,1.0,0.2,12,1000,475371.30371697526,4753.713037169753,1.0,420.07845847685155
100,100,1.0,1,1.0,0.2,13,1000,478101.64470265986,4781.016447026599,1.0,487.2336334630419
100,100,1.0,1,1.0,0.2,14,1000,479119.6713423284,4791.196713423285,1.0,459.41324733823734
100,100,1.0,1,1.0,0.2,15,1000,477351.9945566584,4773.519945566583,1.0,457.47971180446285
100,100,1.0,1,1.0,0.2,16,1000,476967.7006375623,4769.677006375623,1.0,456.52428975959526
100,100,1.0,1,1.0,0.2,17,1000,479814.9757773847,4798.149757773847,1.0,448.06327362284844
100,100,1.0,1,1.0,0.2,18,1000,477125.4377903869,4771.254377903869,1.0,458.5674217910153
100,100,1.0,1,1.0,0.2,19,1000,479956.8490832992,4799.568490832992,1.0,429.8577317928297
100,100,1.0,1,1.0,0.2,20,1000,477784.13325056137,4777.8413325056135,1.0,469.9987396257007
100,100,1.0,1,1.0,0.2,21,1000,476913.82280971354,4769.138228097136,1.0,443.5105193708122
100,100,1.0,1,1.0,0.2,22,1000,478411.57945297676,4784.115794529767,1.0,442.341919092601
100,100,1.0,1,1.0,0.2,23,1000,475841.53294583893,4758.415329458389,1.0,454.2967133206371
100,100,1.0,1,1.0,0.2,24,1000,476134.86801822303,4761.34868018223,1.0,403.4840873102633
100,100,1.0,1,1.0,0.2,25,1000,476575.49808930827,4765.754980893083,1.0,451.94271453462403
100,100,1.0,1,1.0,0.2,26,1000,477327.9462655094,4773.279462655094,1.0,445.99632986748406
100,100,1.0,1,1.0,0.2,27,1000,479180.2401308501,4791.802401308501,1.0,425.13221881827485
100,100,1.0,1,1.0,0.2,28,1000,477184.2799732695,4771.842799732695,1.0,445.1868730755645
100,100,1.0,1,1.0,0.2,29,1000,476556.743479509,4765.56743479509,1.0,438.36460641227234
100,100,1.0,1,1.0,0.2,30,1000,477843.1172351125,4778.4311723511255,1.0,430.8713306400375
100,100,1.0,1,1.0,0.2,31,1000,480745.80199558585,4807.458019955859,1.0,482.406936808241
100,100,1.0,1,1.0,0.2,32,1000,477777.6682741643,4777.7766827416435,1.0,452.1052525313181
100,100,1.0,1,1.0,0.2,33,1000,476975.67656551814,4769.756765655181,1.0,429.0402116890153
100,100,1.0,1,1.0,0.2,34,1000,477505.39742140914,4775.053974214092,1.0,441.736618744687
100,100,1.0,1,1.0,0.2,35,1000,478094.3232644641,4780.943232644641,1.0,424.15171799307825
100,100,1.0,1,1.0,0.2,36,1000,475555.0759743624,4755.5507597436235,1.0,420.89983567831587
100,100,1.0,1,1.0,0.2,37,1000,478302.3396441917,4783.023396441918,1.0,435.65236340379346
100,100,1.0,1,1.0,0.2,38,1000,478243.67529984383,4782.436752998438,1.0,472.08027773658523
100,100,1.0,1,1.0,0.2,39,1000,479173.2113743313,4791.732113743314,1.0,448.5997585011916
100,100,1.0,1,1.0,0.2,40,1000,476312.723442136,4763.12723442136,1.0,464.12109339449637
100,100,1.0,1,1.0,0.2,41,1000,475837.1317034993,4758.371317034993,1.0,465.9728820364912
100,100,1.0,1,1.0,0.2,42,1000,475562.014173916,4755.62014173916,1.0,397.8795887240163
100,100,1.0,1,1.0,0.2,43,1000,478313.23006341845,4783.1323006341845,1.0,501.02325242670565
100,100,1.0,1,1.0,0.2,44,1000,476957.97509182274,4769.579750918228,1.0,435.28846733153097
100,100,1.0,1,1.0,0.2,45,1000,477308.1068704644,4773.081068704644,1.0,432.96159865362677
100,100,1.0,1,1.0,0.2,46,1000,478872.0958412694,4788.720958412694,1.0,454.9021331818396
100,100,1.0,1,1.0,0.2,47,1000,478029.69211754826,4780.296921175483,1.0,448.28879774728654
100,100,1.0,1,1.0,0.2,48,1000,478864.2109714194,4788.642109714194,1.0,475.23484972572146
100,100,1.0,1,1.0,0.2,49,1000,479967.55823402194,4799.675582340219,1.0,459.610771974597
100,100,1.0,1,1.0,0.22,0,1000,470516.8446653975,4705.168446653975,1.0,397.56109152240924
100,100,1.0,1,1.0,0.22,1,1000,473920.7602873897,4739.207602873897,1.0,404.605621914029
100,100,1.0,1,1.0,0.22,2,1000,471585.5543875438,4715.855543875438,1.0,433.4462467444128
100,100,1.0,1,1.0,0.22,3,1000,475411.46263510024,4754.114626351003,1.0,412.31517418102646
100,100,1.0,1,1.0,0.22,4,1000,476891.83201618766,4768.918320161876,1.0,441.44073489932543
100,100,1.0,1,1.0,0.22,5,1000,476526.6371423146,4765.266371423146,1.0,453.4839052764741
100,100,1.0,1,1.0,0.22,6,1000,474430.290710561,4744.30290710561,1.0,395.7494156927532
100,100,1.0,1,1.0,0.22,7,1000,474385.71479419945,4743.857147941994,1.0,428.154559240041
100,100,1.0,1,1.0,0.22,8,1000,473504.4095992302,4735.044095992303,1.0,434.1177427609083
100,100,1.0,1,1.0,0.22,9,1000,470079.59246618627,4700.795924661863,1.0,390.94661345531836
100,100,1.0,1,1.0,0.22,10,1000,471674.796567871,4716.74796567871,1.0,392.69378546828216
100,100,1.0,1,1.0,0.22,11,1000,474423.45310208015,4744.234531020801,1.0,413.95659347511383
100,100,1.0,1,1.0,0.22,12,1000,473059.69472896465,4730.596947289647,1.0,399.9057640263858
100,100,1.0,1,1.0,0.22,13,1000,476376.25637954177,4763.762563795418,1.0,414.54425586061785
100,100,1.0,1,1.0,0.22,14,1000,473893.2700066163,4738.932700066163,1.0,393.7885903038041
100,100,1.0,1,1.0,0.22,15,1000,472638.1287163268,4726.381287163268,1.0,424.6227522224323
100,100,1.0,1,1.0,0.22,16,1000,470803.1371798949,4708.031371798949,1.0,397.31256316652
100,100,1.0,1,1.0,0.22,17,1000,472476.35380837554,4724.7635380837555,1.0,413.67110130911584
100,100,1.0,1,1.0,0.22,18,1000,471507.0238026992,4715.070238026991,1.0,419.2589601442275
100,100,1.0,1,1.0,0.22,19,1000,470662.04167679173,4706.620416767917,1.0,400.3507914630109
100,100,1.0,1,1.0,0.22,20,1000,473351.96175950737,4733.519617595073,1.0,400.1477171739692
100,100,1.0,1,1.0,0.22,21,1000,472030.4442574255,4720.304442574255,1.0,406.85936807829285
100,100,1.0,1,1.0,0.22,22,1000,473681.45143473893,4736.814514347389,1.0,425.7268093878081
100,100,1.0,1,1.0,0.22,23,1000,475721.4847362767,4757.214847362767,1.0,435.3303323453371
100,100,1.0,1,1.0,0.22,24,1000,472419.94631169335,4724.199463116934,1.0,378.0254136308963
100,100,1.0,1,1.0,0.22,25,1000,474689.9874771618,4746.899874771618,1.0,424.69856080379884
100,100,1.0,1,1.0,0.22,26,1000,472841.7077186519,4728.417077186519,1.0,416.9080606228762
100,100,1.0,1,1.0,0.22,27,1000,473140.47306308843,4731.404730630884,1.0,415.7726452484323
100,100,1.0,1,1.0,0.22,28,1000,474372.29998631193,4743.722999863119,1.0,411.1819656473786
100,100,1.0,1,1.0,0.22,29,1000,472918.3906151753,4729.183906151753,1.0,414.3265971209505
100,100,1.0,1,1.0,0.22,30,1000,472377.0083679788,4723.770083679788,1.0,394.543580655063
100,100,1.0,1,1.0,0.22,31,1000,471065.06362830184,4710.650636283019,1.0,392.7808012647414
100,100,1.0,1,1.0,0.22,32,1000,472362.25295122905,4723.62252951229,1.0,390.2809887456345
100,100,1.0,1,1.0,0.22,33,1000,469865.09847455216,4698.650984745522,1.0,400.11697220811936
100,100,1.0,1,1.0,0.22,34,1000,471646.1688094245,4716.461688094245,1.0,419.51086792249174
100,100,1.0,1,1.0,0.22,35,1000,470914.71678535314,4709.147167853532,1.0,391.5679597045991
100,100,1.0,1,1.0,0.22,36,1000,473277.72200348286,4732.777220034829,1.0,419.9609250740569
100,100,1.0,1,1.0,0.22,37,1000,474791.81295393803,4747.91812953938,1.0,430.8298333398835
100,100,1.0,1,1.0,0.22,38,1000,472607.44315070077,4726.074431507008,1.0,410.5634748279937
100,100,1.0,1,1.0,0.22,39,1000,474021.91869338945,4740.219186933895,1.0,425.56181974433633
100,100,1.0,1,1.0,0.22,40,1000,474106.35357724363,4741.063535772436,1.0,409.3533839806826
100,100,1.0,1,1.0,0.22,41,1000,475632.4061026362,4756.324061026362,1.0,404.5747223355261
100,100,1.0,1,1.0,0.22,42,1000,474202.98289512773,4742.0298289512775,1.0,401.8710958701925
100,100,1.0,1,1.0,0.22,43,1000,471755.28689982306,4717.55286899823,1.0,407.2601111758019
100,100,1.0,1,1.0,0.22,44,1000,474047.788253331,4740.47788253331,1.0,409.37211981967806
100,100,1.0,1,1.0,0.22,45,1000,473534.6660276307,4735.3466602763065,1.0,413.29721820048564
100,100,1.0,1,1.0,0.22,46,1000,473440.71157800435,4734.407115780044,1.0,413.0890686088179
100,100,1.0,1,1.0,0.22,47,1000,470286.2389926866,4702.862389926866,1.0,391.3385831827805
100,100,1.0,1,1.0,0.22,48,1000,472208.30991571577,4722.083099157157,1.0,402.15363757173463
100,100,1.0,1,1.0,0.22,49,1000,476514.2343310374,4765.142343310374,1.0,426.80606634068175
100,100,1.0,1,1.0,0.24,0,1000,467679.89667527156,4676.798966752715,1.0,362.6508468451882
100,100,1.0,1,1.0,0.24,1,1000,468514.736583568,4685.14736583568,1.0,394.84399812218487
100,100,1.0,1,1.0,0.24,2,1000,467536.21707827074,4675.362170782708,1.0,391.98238812051756
100,100,1.0,1,1.0,0.24,3,1000,469036.48014289595,4690.364801428959,1.0,371.49120519589684
100,100,1.0,1,1.0,0.24,4,1000,469503.30596532737,4695.033059653274,1.0,383.0480295075463
100,100,1.0,1,1.0,0.24,5,1000,469929.7273757799,4699.297273757798,1.0,404.22133151986094
100,100,1.0,1,1.0,0.24,6,1000,468041.62534140825,4680.416253414082,1.0,392.4492328673091
100,100,1.0,1,1.0,0.24,7,1000,469587.95758939383,4695.879575893939,1.0,373.56342567301317
100,100,1.0,1,1.0,0.24,8,1000,467817.38976838085,4678.173897683809,1.0,385.39371555336004
100,100,1.0,1,1.0,0.24,9,1000,469878.6433933257,4698.786433933256,1.0,362.8372878339847
100,100,1.0,1,1.0,0.24,10,1000,467737.2638052478,4677.372638052478,1.0,373.4069340588657
100,100,1.0,1,1.0,0.24,11,1000,469292.3440299229,4692.923440299229,1.0,354.282704749461
100,100,1.0,1,1.0,0.24,12,1000,469521.47617940966,4695.214761794096,1.0,355.11873593929874
100,100,1.0,1,1.0,0.24,13,1000,467613.7504265533,4676.137504265533,1.0,382.0068618682482
100,100,1.0,1,1.0,0.24,14,1000,470980.6667098158,4709.806667098158,1.0,409.7318107913149
100,100,1.0,1,1.0,0.24,15,1000,470887.5633136207,4708.8756331362065,1.0,381.0288217088264
100,100,1.0,1,1.0,0.24,16,1000,467018.7167051798,4670.187167051798,1.0,376.1930607251564
100,100,1.0,1,1.0,0.24,17,1000,470039.23716178717,4700.3923716178715,1.0,369.82864447751047
100,100,1.0,1,1.0,0.24,18,1000,468909.52931994747,4689.095293199474,1.0,369.8571761935279
100,100,1.0,1,1.0,0.24,19,1000,468861.9198753466,4688.619198753466,1.0,386.8527105193148
100,100,1.0,1,1.0,0.24,20,1000,468881.4224253106,4688.814224253106,1.0,368.59109516840317
100,100,1.0,1,1.0,0.24,21,1000,465953.0878821021,4659.530878821021,1.0,364.16634338850366
100,100,1.0,1,1.0,0.24,22,1000,468754.7487886148,4687.547487886148,1.0,406.9781846398334
100,100,1.0,1,1.0,0.24,23,1000,467233.8060527626,4672.338060527626,1.0,387.6961797686848
100,100,1.0,1,1.0,0.24,24,1000,471725.6618373224,4717.256618373224,1.0,384.80638117317244
100,100,1.0,1,1.0,0.24,25,1000,469509.1155427896,4695.0911554278955,1.0,351.6904270175111
100,100,1.0,1,1.0,0.24,26,1000,467640.75766870653,4676.407576687066,1.0,351.1451742766634
100,100,1.0,1,1.0,0.24,27,1000,467079.57534450735,4670.795753445073,1.0,336.55285019196845
100,100,1.0,1,1.0,0.24,28,1000,468340.3623134606,4683.403623134606,1.0,377.91177728243645
100,100,1.0,1,1.0,0.24,29,1000,470730.5792886698,4707.305792886698,1.0,377.6289739257543
100,100,1.0,1,1.0,0.24,30,1000,468181.4856358309,4681.814856358309,1.0,367.68918832278155
100,100,1.0,1,1.0,0.24,31,1000,470530.4840355085,4705.304840355085,1.0,381.8488820825348
100,100,1.0,1,1.0,0.24,32,1000,469312.61534006614,4693.126153400662,1.0,392.8217972327293
100,100,1.0,1,1.0,0.24,33,1000,467647.2132963618,4676.472132963618,1.0,394.5567640645649
100,100,1.0,1,1.0,0.24,34,1000,465764.6890164865,4657.646890164865,1.0,353.1100838281135
100,100,1.0,1,1.0,0.24,35,1000,468771.9369312616,4687.719369312616,1.0,368.27987916319717
100,100,1.0,1,1.0,0.24,36,1000,465577.8827841845,4655.778827841845,1.0,320.4889925182664
100,100,1.0,1,1.0,0.24,37,1000,467509.419282542,4675.094192825421,1.0,384.2737110326903
100,100,1.0,1,1.0,0.24,38,1000,470200.66119855526,4702.006611985553,1.0,412.44473658963705
100,100,1.0,1,1.0,0.24,39,1000,467939.3584299912,4679.393584299912,1.0,358.96009919149674
100,100,1.0,1,1.0,0.24,40,1000,471783.3876251519,4717.833876251519,1.0,377.42034288727297
100,100,1.0,1,1.0,0.24,41,1000,466370.7296166285,4663.707296166285,1.0,371.00984865757846
100,100,1.0,1,1.0,0.24,42,1000,466733.6598473558,4667.336598473558,1.0,375.66937987793153
100,100,1.0,1,1.0,0.24,43,1000,468820.44709932915,4688.204470993292,1.0,358.67166734945533
100,100,1.0,1,1.0,0.24,44,1000,467344.6329940281,4673.446329940281,1.0,379.8908129525034
100,100,1.0,1,1.0,0.24,45,1000,470245.3423465945,4702.453423465945,1.0,378.98389167693665
100,100,1.0,1,1.0,0.24,46,1000,466621.46889738995,4666.2146889739,1.0,353.37971866253156
100,100,1.0,1,1.0,0.24,47,1000,469454.5604874513,4694.545604874514,1.0,342.09721637855256
100,100,1.0,1,1.0,0.24,48,1000,469253.60526772763,4692.5360526772765,1.0,396.5112035506926
100,100,1.0,1,1.0,0.24,49,1000,468561.52054224676,4685.615205422468,1.0,371.7554414507196
100,100,1.0,1,1.0,0.26,0,1000,464411.81998143153,4644.118199814316,1.0,331.2788934519267
100,100,1.0,1,1.0,0.26,1,1000,466131.93241895334,4661.319324189533,1.0,328.86251855886024
100,100,1.0,1,1.0,0.26,2,1000,465348.7988138925,4653.487988138925,1.0,345.70257056729446
100,100,1.0,1,1.0,0.26,3,1000,462777.8981498947,4627.778981498947,1.0,325.9939067600905
100,100,1.0,1,1.0,0.26,4,1000,463436.02594876563,4634.360259487657,1.0,359.6599252626462
100,100,1.0,1,1.0,0.26,5,1000,461676.8629920362,4616.768629920362,1.0,333.3548042824048
100,100,1.0,1,1.0,0.26,6,1000,464839.40425125114,4648.394042512511,1.0,345.4111278717956
100,100,1.0,1,1.0,0.26,7,1000,462014.21544947766,4620.142154494777,1.0,334.5615751929935
100,100,1.0,1,1.0,0.26,8,1000,462122.3229192095,4621.223229192095,1.0,338.5356222977633
100,100,1.0,1,1.0,0.26,9,1000,463895.8862417256,4638.958862417256,1.0,302.8787074072144
100,100,1.0,1,1.0,0.26,10,1000,463305.861776603,4633.05861776603,1.0,314.90611995198793
100,100,1.0,1,1.0,0.26,11,1000,464027.06948184926,4640.270694818492,1.0,316.4012503872801
100,100,1.0,1,1.0,0.26,12,1000,461438.9815290523,4614.389815290523,1.0,339.2991146435323
100,100,1.0,1,1.0,0.26,13,1000,464526.5817281311,4645.265817281311,1.0,348.97597711418155
100,100,1.0,1,1.0,0.26,14,1000,466710.38310884737,4667.103831088473,1.0,373.5789646295271
100,100,1.0,1,1.0,0.26,15,1000,463163.82231940737,4631.638223194073,1.0,346.65666569928607
100,100,1.0,1,1.0,0.26,16,1000,465038.89987365267,4650.388998736526,1.0,376.5693850659907
100,100,1.0,1,1.0,0.26,17,1000,464174.01740951004,4641.7401740951,1.0,320.2281695969063
100,100,1.0,1,1.0,0.26,18,1000,466630.36745241954,4666.303674524195,1.0,328.9967560404045
100,100,1.0,1,1.0,0.26,19,1000,463569.7815018985,4635.697815018985,1.0,326.5608420425663
100,100,1.0,1,1.0,0.26,20,1000,463069.8800450591,4630.698800450591,1.0,312.13958782805497
100,100,1.0,1,1.0,0.26,21,1000,466506.4357083611,4665.064357083611,1.0,356.75928710072134
100,100,1.0,1,1.0,0.26,22,1000,463779.94661923684,4637.7994661923685,1.0,357.1234170828559
100,100,1.0,1,1.0,0.26,23,1000,464963.4163402343,4649.634163402343,1.0,323.5509182606844
100,100,1.0,1,1.0,0.26,24,1000,464416.45407918375,4644.164540791838,1.0,322.6063643920777
100,100,1.0,1,1.0,0.26,25,1000,462924.274037907,4629.24274037907,1.0,332.27054648514803
100,100,1.0,1,1.0,0.26,26,1000,462173.8074469302,4621.738074469302,1.0,363.65157199477324
100,100,1.0,1,1.0,0.26,27,1000,463293.64459103945,4632.9364459103945,1.0,312.2253559162863
100,100,1.0,1,1.0,0.26,28,1000,464598.8775613876,4645.988775613876,1.0,334.9954100771143
100,100,1.0,1,1.0,0.26,29,1000,466304.8597827239,4663.048597827239,1.0,348.64050844102064
100,100,1.0,1,1.0,0.26,30,1000,464643.7485128427,4646.4374851284265,1.0,352.5998738992003
100,100,1.0,1,1.0,0.26,31,1000,465435.6126642766,4654.356126642766,1.0,341.15420918885184
100,100,1.0,1,1.0,0.26,32,1000,463757.0578217827,4637.5705782178275,1.0,367.6398898257903
100,100,1.0,1,1.0,0.26,33,1000,464122.15861651575,4641.2215861651575,1.0,341.8890515816909
100,100,1.0,1,1.0,0.26,34,1000,464686.200462881,4646.86200462881,1.0,350.092938299445
100,100,1.0,1,1.0,0.26,35,1000,463863.7282017207,4638.637282017207,1.0,342.1888227794129
100,100,1.0,1,1.0,0.26,36,1000,464278.5620325599,4642.785620325599,1.0,325.9409930951065
100,100,1.0,1,1.0,0.26,37,1000,463441.8547316615,4634.418547316615,1.0,316.1249696218959
100,100,1.0,1,1.0,0.26,38,1000,465950.3467350996,4659.503467350996,1.0,363.93919693429683
100,100,1.0,1,1.0,0.26,39,1000,466481.7326590356,4664.817326590356,1.0,348.1363088534269
100,100,1.0,1,1.0,0.26,40,1000,462552.0596580852,4625.520596580853,1.0,330.39695730352486
100,100,1.0,1,1.0,0.26,41,1000,462684.3726261456,4626.843726261456,1.0,312.2393719274574
100,100,1.0,1,1.0,0.26,42,1000,465484.05801277066,4654.840580127707,1.0,340.86949444250496
100,100,1.0,1,1.0,0.26,43,1000,462978.1190319428,4629.781190319428,1.0,333.49441245240587
100,100,1.0,1,1.0,0.26,44,1000,463132.96843440225,4631.329684344022,1.0,355.20304036197456
100,100,1.0,1,1.0,0.26,45,1000,464543.4754757364,4645.434754757364,1.0,384.6978170213588
100,100,1.0,1,1.0,0.26,46,1000,465941.6704663194,4659.416704663195,1.0,323.14242739484445
100,100,1.0,1,1.0,0.26,47,1000,461221.5260940777,4612.215260940777,1.0,347.1375543707993
100,100,1.0,1,1.0,0.26,48,1000,463019.5352818568,4630.195352818568,1.0,303.9984733972422
100,100,1.0,1,1.0,0.26,49,1000,462430.0654899687,4624.300654899687,1.0,325.0910061903462
100,100,1.0,1,1.0,0.28,0,1000,458770.52364007937,4587.705236400794,1.0,305.162727493606
100,100,1.0,1,1.0,0.28,1,1000,460394.49087155744,4603.9449087155745,1.0,302.44603292813196
100,100,1.0,1,1.0,0.28,2,1000,458132.09933699126,4581.320993369913,1.0,309.58345923492044
100,100,1.0,1,1.0,0.28,3,1000,459141.99842287437,4591.4199842287435,1.0,274.2857998969153
100,100,1.0,1,1.0,0.28,4,1000,458072.80533523136,4580.7280533523135,1.0,294.87367368499866
100,100,1.0,1,1.0,0.28,5,1000,461890.6788488696,4618.906788488695,1.0,308.7033861580163
100,100,1.0,1,1.0,0.28,6,1000,460461.5585551596,4604.615585551596,1.0,293.7573079973797
100,100,1.0,1,1.0,0.28,7,1000,460422.9819910096,4604.229819910096,1.0,314.1959764486063
100,100,1.0,1,1.0,0.28,8,1000,458721.32730262127,4587.213273026213,1.0,287.4133887911182
100,100,1.0,1,1.0,0.28,9,1000,459943.91504563595,4599.439150456359,1.0,311.05124240185893
100,100,1.0,1,1.0,0.28,10,1000,458683.79948174563,4586.837994817456,1.0,280.4962045638924
100,100,1.0,1,1.0,0.28,11,1000,461537.8330117428,4615.378330117428,1.0,286.4052433970329
100,100,1.0,1,1.0,0.28,12,1000,458407.49048716924,4584.0749048716925,1.0,283.4765667971038
100,100,1.0,1,1.0,0.28,13,1000,459633.4460542673,4596.334460542673,1.0,325.485498178776
100,100,1.0,1,1.0,0.28,14,1000,461222.22722639045,4612.222272263904,1.0,320.5667175774175
100,100,1.0,1,1.0,0.28,15,1000,459508.7352340237,4595.087352340237,1.0,314.88933377848497
100,100,1.0,1,1.0,0.28,16,1000,459204.5444092327,4592.045444092327,1.0,325.46798123062064
100,100,1.0,1,1.0,0.28,17,1000,463405.59467319417,4634.055946731942,1.0,296.84752818977756
100,100,1.0,1,1.0,0.28,18,1000,459722.86484122014,4597.228648412201,1.0,298.95433186970723
100,100,1.0,1,1.0,0.28,19,1000,459140.81936161296,4591.408193616129,1.0,315.25740473307445
100,100,1.0,1,1.0,0.28,20,1000,458391.71957239415,4583.917195723941,1.0,290.74031813947573
100,100,1.0,1,1.0,0.28,21,1000,461238.93135590904,4612.389313559091,1.0,336.8826183782065
100,100,1.0,1,1.0,0.28,22,1000,461515.2244823429,4615.152244823429,1.0,321.9336537013041
100,100,1.0,1,1.0,0.28,23,1000,460929.04199614126,4609.290419961412,1.0,321.82578673119724
100,100,1.0,1,1.0,0.28,24,1000,459901.0607464929,4599.010607464928,1.0,296.2516185672997
100,100,1.0,1,1.0,0.28,25,1000,459997.3504548023,4599.973504548023,1.0,305.36311765449693
100,100,1.0,1,1.0,0.28,26,1000,459790.1805072402,4597.901805072402,1.0,278.4066947167428
100,100,1.0,1,1.0,0.28,27,1000,459894.6324175768,4598.946324175768,1.0,322.81374613936674
100,100,1.0,1,1.0,0.28,28,1000,458834.4344233788,4588.3443442337875,1.0,276.7142716894093
100,100,1.0,1,1.0,0.28,29,1000,460137.41408579744,4601.374140857974,1.0,303.77629199142854
100,100,1.0,1,1.0,0.28,30,1000,460438.2511750709,4604.3825117507085,1.0,325.55628300848247
100,100,1.0,1,1.0,0.28,31,1000,460654.1061719079,4606.541061719079,1.0,281.57690817137546
100,100,1.0,1,1.0,0.28,32,1000,459498.6800541134,4594.986800541134,1.0,293.4901381743807
100,100,1.0,1,1.0,0.28,33,1000,457312.0393770842,4573.1203937708415,1.0,298.731746041999
100,100,1.0,1,1.0,0.28,34,1000,460573.1739565416,4605.731739565415,1.0,301.4957899408136
100,100,1.0,1,1.0,0.28,35,1000,461009.58561491984,4610.095856149198,1.0,331.78344709236546
100,100,1.0,1,1.0,0.28,36,1000,460101.19033833465,4601.011903383346,1.0,298.358417360468
100,100,1.0,1,1.0,0.28,37,1000,458681.7728961674,4586.817728961674,1.0,299.53226466549387
100,100,1.0,1,1.0,0.28,38,1000,458049.1981919596,4580.491981919596,1.0,312.97832208643393
100,100,1.0,1,1.0,0.28,39,1000,460143.1897699821,4601.431897699821,1.0,328.3296263984255
100,100,1.0,1,1.0,0.28,40,1000,459643.0241883458,4596.430241883459,1.0,299.6352404753682
100,100,1.0,1,1.0,0.28,41,1000,460010.02911351883,4600.100291135188,1.0,286.1860176987542
100,100,1.0,1,1.0,0.28,42,1000,459036.2587318114,4590.3625873181145,1.0,300.6201606846313
100,100,1.0,1,1.0,0.28,43,1000,460074.4078932529,4600.744078932529,1.0,301.9410823282355
100,100,1.0,1,1.0,0.28,44,1000,459616.55319017445,4596.1655319017445,1.0,280.59200558830554
100,100,1.0,1,1.0,0.28,45,1000,460055.84798604937,4600.558479860494,1.0,301.896223937915
100,100,1.0,1,1.0,0.28,46,1000,462270.8050497321,4622.708050497321,1.0,320.81429665371024
100,100,1.0,1,1.0,0.28,47,1000,461226.05579620897,4612.2605579620895,1.0,334.41541006694695
100,100,1.0,1,1.0,0.28,48,1000,459110.4106266878,4591.104106266878,1.0,288.23665360394983
100,100,1.0,1,1.0,0.28,49,1000,460597.45167580177,4605.974516758018,1.0,278.535417817871
100,100,1.0,1,1.0,0.3,0,1000,455926.3655638788,4559.263655638788,1.0,277.2111363179347
100,100,1.0,1,1.0,0.3,1,1000,456522.788508662,4565.2278850866205,1.0,297.31584692664075
100,100,1.0,1,1.0,0.3,2,1000,457287.88759704423,4572.878875970442,1.0,272.14757261281676
100,100,1.0,1,1.0,0.3,3,1000,454938.3503366868,4549.383503366868,1.0,269.39876538110815
100,100,1.0,1,1.0,0.3,4,1000,456995.1030771421,4569.951030771421,1.0,284.4459982127662
100,100,1.0,1,1.0,0.3,5,1000,455599.05316542566,4555.990531654256,1.0,289.31948905156713
100,100,1.0,1,1.0,0.3,6,1000,457211.40132105723,4572.114013210572,1.0,262.6092216679665
100,100,1.0,1,1.0,0.3,7,1000,455437.8015899015,4554.378015899015,1.0,274.8549523108349
100,100,1.0,1,1.0,0.3,8,1000,457089.31140783406,4570.893114078341,1.0,258.72698162062767
100,100,1.0,1,1.0,0.3,9,1000,456983.7335318554,4569.837335318554,1.0,305.85823339347985
100,100,1.0,1,1.0,0.3,10,1000,454027.510166089,4540.27510166089,1.0,274.51864632519624
100,100,1.0,1,1.0,0.3,11,1000,456266.3352251434,4562.663352251434,1.0,274.80379301288696
100,100,1.0,1,1.0,0.3,12,1000,457153.59011519165,4571.535901151917,1.0,268.55193221034284
100,100,1.0,1,1.0,0.3,13,1000,457781.78094397474,4577.817809439747,1.0,279.46979141385896
100,100,1.0,1,1.0,0.3,14,1000,455936.1999755553,4559.361999755553,1.0,273.2767827678216
100,100,1.0,1,1.0,0.3,15,1000,454695.5145884104,4546.955145884104,1.0,278.6138591914827
100,100,1.0,1,1.0,0.3,16,1000,456335.0246364105,4563.350246364105,1.0,273.48012958461203
100,100,1.0,1,1.0,0.3,17,1000,456574.746769888,4565.7474676988795,1.0,290.8169020473255
100,100,1.0,1,1.0,0.3,18,1000,454466.24370590574,4544.662437059057,1.0,253.74797259639976
100,100,1.0,1,1.0,0.3,19,1000,455469.31220724486,4554.693122072448,1.0,285.1957794148884
100,100,1.0,1,1.0,0.3,20,1000,454978.3988326594,4549.783988326594,1.0,279.1003340656511
100,100,1.0,1,1.0,0.3,21,1000,455498.44918510533,4554.9844918510535,1.0,316.4353854873872
100,100,1.0,1,1.0,0.3,22,1000,456115.19985386444,4561.151998538644,1.0,284.21065973768
100,100,1.0,1,1.0,0.3,23,1000,456111.7606966992,4561.117606966992,1.0,290.63608522334357
100,100,1.0,1,1.0,0.3,24,1000,457012.93637040025,4570.129363704003,1.0,286.83277562158605
100,100,1.0,1,1.0,0.3,25,1000,455226.66022843076,4552.266602284308,1.0,284.7821293979357
100,100,1.0,1,1.0,0.3,26,1000,455323.80496439635,4553.238049643964,1.0,282.9381056634989
100,100,1.0,1,1.0,0.3,27,1000,456790.59494693193,4567.905949469319,1.0,286.0574782410505
100,100,1.0,1,1.0,0.3,28,1000,456260.4999159731,4562.604999159731,1.0,275.49399337071986
100,100,1.0,1,1.0,0.3,29,1000,455919.68473155826,4559.196847315583,1.0,307.58528960564365
100,100,1.0,1,1.0,0.3,30,1000,453417.58460726,4534.1758460726005,1.0,278.04199238197276
100,100,1.0,1,1.0,0.3,31,1000,456514.49195012293,4565.144919501229,1.0,284.22511276612806
100,100,1.0,1,1.0,0.3,32,1000,454745.7114251796,4547.457114251796,1.0,263.18663062986445
100,100,1.0,1,1.0,0.3,33,1000,456274.6284609635,4562.746284609635,1.0,271.18206353444526
100,100,1.0,1,1.0,0.3,34,1000,455241.4990235458,4552.414990235458,1.0,268.14814503599814
100,100,1.0,1,1.0,0.3,35,1000,456565.03756477794,4565.65037564778,1.0,271.81348496527073
100,100,1.0,1,1.0,0.3,36,1000,455678.2351007765,4556.782351007765,1.0,281.2455945143257
100,100,1.0,1,1.0,0.3,37,1000,454512.8094637174,4545.1280946371735,1.0,246.88418660175103
100,100,1.0,1,1.0,0.3,38,1000,454903.1409383328,4549.0314093833285,1.0,281.7763953669977
100,100,1.0,1,1.0,0.3,39,1000,457022.0693895124,4570.220693895124,1.0,280.8508668737604
100,100,1.0,1,1.0,0.3,40,1000,456103.70279262494,4561.03702792625,1.0,300.8855312588123
100,100,1.0,1,1.0,0.3,41,1000,453604.33809847565,4536.043380984756,1.0,269.3946222851493
100,100,1.0,1,1.0,0.3,42,1000,456198.3054699387,4561.983054699387,1.0,274.6074530042954
100,100,1.0,1,1.0,0.3,43,1000,456370.04387809715,4563.700438780971,1.0,297.50665014944747
100,100,1.0,1,1.0,0.3,44,1000,457206.68271511205,4572.06682715112,1.0,299.3130422440868
100,100,1.0,1,1.0,0.3,45,1000,457750.91727011726,4577.509172701172,1.0,289.84135586831485
100,100,1.0,1,1.0,0.3,46,1000,457399.26307151344,4573.9926307151345,1.0,312.3750246714224
100,100,1.0,1,1.0,0.3,47,1000,454099.590899137,4540.99590899137,1.0,297.0450570786818
100,100,1.0,1,1.0,0.3,48,1000,456031.3338444061,4560.313338444062,1.0,305.4596766730012
100,100,1.0,1,1.0,0.3,49,1000,456042.2766370148,4560.422766370149,1.0,289.36284529996084
100,100,1.0,1,1.0,0.35,0,1000,446742.29540177085,4467.422954017708,1.0,214.96895571042606
100,100,1.0,1,1.0,0.35,1,1000,446748.70477182633,4467.487047718263,1.0,208.65494123553387
100,100,1.0,1,1.0,0.35,2,1000,446051.31543857366,4460.513154385737,1.0,205.35709673254786
100,100,1.0,1,1.0,0.35,3,1000,446730.7001267612,4467.307001267613,1.0,206.48677808261564
100,100,1.0,1,1.0,0.35,4,1000,446489.647556123,4464.89647556123,1.0,228.36769382944007
100,100,1.0,1,1.0,0.35,5,1000,447659.93326815934,4476.599332681593,1.0,182.45100825469132
100,100,1.0,1,1.0,0.35,6,1000,445771.84346694907,4457.71843466949,1.0,203.50699488632267
100,100,1.0,1,1.0,0.35,7,1000,446765.4529599514,4467.654529599514,1.0,196.6243545640508
100,100,1.0,1,1.0,0.35,8,1000,448269.71302183764,4482.6971302183765,1.0,218.35939403046405
100,100,1.0,1,1.0,0.35,9,1000,447478.86917747906,4474.788691774791,1.0,240.41321567385887
100,100,1.0,1,1.0,0.35,10,1000,446791.06054115616,4467.910605411562,1.0,214.30966936519127
100,100,1.0,1,1.0,0.35,11,1000,447023.38402763073,4470.233840276307,1.0,216.5707848168899
100,100,1.0,1,1.0,0.35,12,1000,447402.1032104297,4474.021032104297,1.0,220.70365122773762
100,100,1.0,1,1.0,0.35,13,1000,446893.5045370141,4468.935045370141,1.0,220.7230325635677
100,100,1.0,1,1.0,0.35,14,1000,447491.6310628967,4474.916310628967,1.0,226.45422865072692
100,100,1.0,1,1.0,0.35,15,1000,447879.54984498466,4478.7954984498465,1.0,206.45660258924818
100,100,1.0,1,1.0,0.35,16,1000,446075.3758642353,4460.753758642353,1.0,203.32031338577985
100,100,1.0,1,1.0,0.35,17,1000,446188.25792788196,4461.882579278819,1.0,207.00332690103735
100,100,1.0,1,1.0,0.35,18,1000,448034.4030179344,4480.344030179344,1.0,204.97929061815455
100,100,1.0,1,1.0,0.35,19,1000,448598.20201794186,4485.982020179418,1.0,193.1316312963844
100,100,1.0,1,1.0,0.35,20,1000,447448.5437899409,4474.485437899409,1.0,227.59416747248457
100,100,1.0,1,1.0,0.35,21,1000,447286.9427380359,4472.869427380359,1.0,187.43167001529733
100,100,1.0,1,1.0,0.35,22,1000,446653.91265098756,4466.539126509876,1.0,202.37156637126637
100,100,1.0,1,1.0,0.35,23,1000,446628.21985333564,4466.282198533357,1.0,220.61025737870932
100,100,1.0,1,1.0,0.35,24,1000,445747.1110459974,4457.471110459974,1.0,205.6219535813757
100,100,1.0,1,1.0,0.35,25,1000,446452.2223247083,4464.522223247083,1.0,232.26361009165453
100,100,1.0,1,1.0,0.35,26,1000,445918.8076199005,4459.188076199005,1.0,212.13713551393147
100,100,1.0,1,1.0,0.35,27,1000,448194.2124749323,4481.942124749323,1.0,235.7133545703235
100,100,1.0,1,1.0,0.35,28,1000,445777.76396872656,4457.777639687266,1.0,218.71322848589205
100,100,1.0,1,1.0,0.35,29,1000,446813.66432577337,4468.136643257733,1.0,221.98463414405566
100,100,1.0,1,1.0,0.35,30,1000,446133.7021154153,4461.337021154153,1.0,210.30404989427925
100,100,1.0,1,1.0,0.35,31,1000,447939.8866205121,4479.3988662051215,1.0,223.73055318119202
100,100,1.0,1,1.0,0.35,32,1000,445858.0488254141,4458.580488254141,1.0,205.35614876670667
100,100,1.0,1,1.0,0.35,33,1000,444133.1046066741,4441.331046066741,1.0,213.79335496833647
100,100,1.0,1,1.0,0.35,34,1000,443665.5495806774,4436.6554958067745,1.0,210.48358175085426
100,100,1.0,1,1.0,0.35,35,1000,444794.61387112015,4447.9461387112015,1.0,202.30393964020317
100,100,1.0,1,1.0,0.35,36,1000,447687.4450501251,4476.874450501251,1.0,211.45273619585475
100,100,1.0,1,1.0,0.35,37,1000,447669.2422345531,4476.692422345531,1.0,220.63796948270567
100,100,1.0,1,1.0,0.35,38,1000,445492.92268959474,4454.929226895947,1.0,209.7008509375794
100,100,1.0,1,1.0,0.35,39,1000,447702.6894757109,4477.026894757109,1.0,231.88500603914235
100,100,1.0,1,1.0,0.35,40,1000,448832.4853338642,4488.324853338642,1.0,226.5598203058065
100,100,1.0,1,1.0,0.35,41,1000,446053.6131930753,4460.536131930753,1.0,238.9764434043092
100,100,1.0,1,1.0,0.35,42,1000,447753.62408058235,4477.536240805824,1.0,222.68225750496904
100,100,1.0,1,1.0,0.35,43,1000,446809.1624951899,4468.0916249519,1.0,230.37069586153478
100,100,1.0,1,1.0,0.35,44,1000,447627.89673825563,4476.278967382556,1.0,208.10180605678232
100,100,1.0,1,1.0,0.35,45,1000,447445.2485336262,4474.452485336262,1.0,198.7281726345205
100,100,1.0,1,1.0,0.35,46,1000,446318.02183563815,4463.180218356381,1.0,242.2737322879842
100,100,1.0,1,1.0,0.35,47,1000,447055.576837664,4470.55576837664,1.0,211.59776975300676
100,100,1.0,1,1.0,0.35,48,1000,447770.7872412852,4477.707872412852,1.0,213.18421456541398
100,100,1.0,1,1.0,0.35,49,1000,446072.41785901936,4460.724178590193,1.0,212.967974650536
100,100,1.0,1,1.0,0.4,0,1000,438870.9866647336,4388.709866647336,1.0,166.9393344000557
100,100,1.0,1,1.0,0.4,1,1000,437506.08299363137,4375.060829936314,1.0,180.80932537992072
100,100,1.0,1,1.0,0.4,2,1000,438360.8426395263,4383.6084263952625,1.0,164.6756385936041
100,100,1.0,1,1.0,0.4,3,1000,438645.80078938836,4386.458007893883,1.0,170.292319843636
100,100,1.0,1,1.0,0.4,4,1000,439201.2899944395,4392.012899944395,1.0,165.49016910527962
100,100,1.0,1,1.0,0.4,5,1000,438234.61054280994,4382.3461054281,1.0,164.98702235539992
100,100,1.0,1,1.0,0.4,6,1000,438317.09077862924,4383.170907786292,1.0,181.01565280635575
100,100,1.0,1,1.0,0.4,7,1000,438153.7342499907,4381.537342499907,1.0,173.80484506658897
100,100,1.0,1,1.0,0.4,8,1000,439107.9061497451,4391.079061497451,1.0,179.31866928701314
100,100,1.0,1,1.0,0.4,9,1000,438574.8966665611,4385.748966665611,1.0,171.2627190766757
100,100,1.0,1,1.0,0.4,10,1000,438569.99181929795,4385.69991819298,1.0,173.264315073208
100,100,1.0,1,1.0,0.4,11,1000,439316.9898146755,4393.169898146754,1.0,180.10270952278088
100,100,1.0,1,1.0,0.4,12,1000,437172.5998956224,4371.725998956224,1.0,171.63384013044967
100,100,1.0,1,1.0,0.4,13,1000,438769.8106739247,4387.698106739247,1.0,174.4985000951078
100,100,1.0,1,1.0,0.4,14,1000,438837.45814204845,4388.374581420485,1.0,190.05703985919436
100,100,1.0,1,1.0,0.4,15,1000,438393.94912415836,4383.939491241584,1.0,165.23599148091944
100,100,1.0,1,1.0,0.4,16,1000,439154.0209156674,4391.540209156674,1.0,166.32145768641408
100,100,1.0,1,1.0,0.4,17,1000,438387.7865806869,4383.8778658068695,1.0,154.09911106528992
100,100,1.0,1,1.0,0.4,18,1000,438704.0810591021,4387.040810591021,1.0,154.2622345830308
100,100,1.0,1,1.0,0.4,19,1000,438343.3279722091,4383.43327972209,1.0,191.29978863877864
100,100,1.0,1,1.0,0.4,20,1000,438746.8758026317,4387.468758026317,1.0,182.77873729397467
100,100,1.0,1,1.0,0.4,21,1000,438777.3181352171,4387.773181352171,1.0,192.48996206381858
100,100,1.0,1,1.0,0.4,22,1000,441360.7944721426,4413.607944721426,1.0,170.9910118602664
100,100,1.0,1,1.0,0.4,23,1000,438513.92262512166,4385.139226251216,1.0,165.1593168774546
100,100,1.0,1,1.0,0.4,24,1000,439587.620911331,4395.876209113309,1.0,173.41018774732922
100,100,1.0,1,1.0,0.4,25,1000,437905.96317918715,4379.059631791872,1.0,173.45730904581472
100,100,1.0,1,1.0,0.4,26,1000,438205.26427477674,4382.052642747767,1.0,174.12544630703567
100,100,1.0,1,1.0,0.4,27,1000,438906.03212024696,4389.06032120247,1.0,193.63849017518288
100,100,1.0,1,1.0,0.4,28,1000,437093.4601501869,4370.934601501869,1.0,174.0146414552384
100,100,1.0,1,1.0,0.4,29,1000,439568.24720899947,4395.682472089995,1.0,192.22947988253625
100,100,1.0,1,1.0,0.4,30,1000,438600.1159234687,4386.001159234687,1.0,171.76100207419339
100,100,1.0,1,1.0,0.4,31,1000,439327.3948060284,4393.273948060284,1.0,182.74654861998525
100,100,1.0,1,1.0,0.4,32,1000,438940.33752413356,4389.403375241335,1.0,178.43928569159317
100,100,1.0,1,1.0,0.4,33,1000,437698.38179281936,4376.983817928193,1.0,165.14334472241507
100,100,1.0,1,1.0,0.4,34,1000,439580.23510073236,4395.8023510073235,1.0,171.07186647088298
100,100,1.0,1,1.0,0.4,35,1000,437718.15490999597,4377.18154909996,1.0,167.7191153922818
100,100,1.0,1,1.0,0.4,36,1000,437707.7148902252,4377.077148902252,1.0,167.44088944209423
100,100,1.0,1,1.0,0.4,37,1000,439363.12039243715,4393.631203924371,1.0,179.5676497396365
100,100,1.0,1,1.0,0.4,38,1000,439715.3260167547,4397.153260167547,1.0,177.1314481266579
100,100,1.0,1,1.0,0.4,39,1000,439099.75835374696,4390.99758353747,1.0,175.5121512813331
100,100,1.0,1,1.0,0.4,40,1000,441870.8439423281,4418.708439423282,1.0,179.6217460773366
100,100,1.0,1,1.0,0.4,41,1000,438143.6955032331,4381.436955032331,1.0,180.8156429867924
100,100,1.0,1,1.0,0.4,42,1000,439406.2900342717,4394.0629003427175,1.0,179.77658669194878
100,100,1.0,1,1.0,0.4,43,1000,439291.2240229516,4392.912240229516,1.0,172.71191144921687
100,100,1.0,1,1.0,0.4,44,1000,438788.7853703651,4387.887853703651,1.0,171.97336628093802
100,100,1.0,1,1.0,0.4,45,1000,440079.4961734219,4400.794961734219,1.0,182.98016263977752
100,100,1.0,1,1.0,0.4,46,1000,438031.29263127845,4380.312926312785,1.0,181.93167598229533
100,100,1.0,1,1.0,0.4,47,1000,438520.1198130716,4385.201198130716,1.0,172.2072366909322
100,100,1.0,1,1.0,0.4,48,1000,440842.77556585235,4408.427755658524,1.0,162.2542782846404
100,100,1.0,1,1.0,0.4,49,1000,440143.2926009908,4401.4329260099075,1.0,159.0732245136811
100,100,1.0,1,1.0,0.45,0,1000,432271.198371656,4322.71198371656,1.0,139.6263711693109
100,100,1.0,1,1.0,0.45,1,1000,431443.3787758291,4314.433787758291,1.0,135.90626492139123
100,100,1.0,1,1.0,0.45,2,1000,432120.94219186855,4321.209421918686,1.0,133.90223179066982
100,100,1.0,1,1.0,0.45,3,1000,431364.5339507873,4313.645339507873,1.0,162.70884625417833
100,100,1.0,1,1.0,0.45,4,1000,433217.74578699755,4332.177457869975,1.0,157.5996721652091
100,100,1.0,1,1.0,0.45,5,1000,432692.3777537062,4326.923777537062,1.0,144.09873206858694
100,100,1.0,1,1.0,0.45,6,1000,432857.29876579327,4328.572987657933,1.0,127.81855686564934
100,100,1.0,1,1.0,0.45,7,1000,431193.3490101755,4311.933490101755,1.0,143.3061029114577
100,100,1.0,1,1.0,0.45,8,1000,432406.934334344,4324.06934334344,1.0,128.0192253294004
100,100,1.0,1,1.0,0.45,9,1000,431135.92181036295,4311.359218103629,1.0,146.0228417713853
100,100,1.0,1,1.0,0.45,10,1000,430462.0251126047,4304.620251126047,1.0,148.05224250699197
100,100,1.0,1,1.0,0.45,11,1000,431708.2422378727,4317.082422378727,1.0,141.8860182888619
100,100,1.0,1,1.0,0.45,12,1000,433593.64498947683,4335.936449894768,1.0,142.89162988963068
100,100,1.0,1,1.0,0.45,13,1000,431953.855500291,4319.53855500291,1.0,157.4709581350144
100,100,1.0,1,1.0,0.45,14,1000,432334.61754159635,4323.346175415963,1.0,148.8305741292592
100,100,1.0,1,1.0,0.45,15,1000,431712.14679353894,4317.12146793539,1.0,119.42125704906185
100,100,1.0,1,1.0,0.45,16,1000,431929.6184669697,4319.296184669697,1.0,152.8357708771163
100,100,1.0,1,1.0,0.45,17,1000,430990.31887608697,4309.90318876087,1.0,128.88494433292593
100,100,1.0,1,1.0,0.45,18,1000,432561.0466614217,4325.610466614217,1.0,143.8506774426582
100,100,1.0,1,1.0,0.45,19,1000,431632.040804344,4316.32040804344,1.0,129.99392471770503
100,100,1.0,1,1.0,0.45,20,1000,432173.5960562485,4321.735960562485,1.0,143.98585352052947
100,100,1.0,1,1.0,0.45,21,1000,432042.4845124808,4320.424845124808,1.0,128.90927146374418
100,100,1.0,1,1.0,0.45,22,1000,431751.01083835436,4317.510108383543,1.0,154.20293694428824
100,100,1.0,1,1.0,0.45,23,1000,432422.5585025679,4324.225585025679,1.0,132.6072648311952
100,100,1.0,1,1.0,0.45,24,1000,433023.62731348723,4330.236273134872,1.0,145.0591766359719
100,100,1.0,1,1.0,0.45,25,1000,431823.9559453887,4318.239559453887,1.0,164.46041930582547
100,100,1.0,1,1.0,0.45,26,1000,430786.2665976443,4307.862665976443,1.0,119.78323364174693
100,100,1.0,1,1.0,0.45,27,1000,432730.3037355807,4327.303037355807,1.0,118.84752889163568
100,100,1.0,1,1.0,0.45,28,1000,431598.9991676312,4315.9899916763125,1.0,135.6211201559997
100,100,1.0,1,1.0,0.45,29,1000,432602.987949058,4326.02987949058,1.0,129.83044312949193
100,100,1.0,1,1.0,0.45,30,1000,432294.22984450567,4322.942298445057,1.0,130.36472042223474
100,100,1.0,1,1.0,0.45,31,1000,431696.7865626097,4316.967865626098,1.0,131.9277861607593
100,100,1.0,1,1.0,0.45,32,1000,432375.919734695,4323.75919734695,1.0,151.91927449464177
100,100,1.0,1,1.0,0.45,33,1000,431439.06586536026,4314.390658653602,1.0,135.07119764613407
100,100,1.0,1,1.0,0.45,34,1000,431495.2335655671,4314.952335655671,1.0,149.71429001455752
100,100,1.0,1,1.0,0.45,35,1000,432166.3181644219,4321.663181644219,1.0,141.9913848646704
100,100,1.0,1,1.0,0.45,36,1000,432415.386705936,4324.15386705936,1.0,151.82550836274024
100,100,1.0,1,1.0,0.45,37,1000,431786.434640583,4317.86434640583,1.0,155.4573472694099
100,100,1.0,1,1.0,0.45,38,1000,432217.94835600664,4322.179483560067,1.0,147.62686944792148
100,100,1.0,1,1.0,0.45,39,1000,431113.82713731594,4311.138271373159,1.0,145.1462771116961
100,100,1.0,1,1.0,0.45,40,1000,431911.6383460996,4319.116383460996,1.0,150.50488686767005
100,100,1.0,1,1.0,0.45,41,1000,431572.4568279188,4315.724568279188,1.0,136.54604218137212
100,100,1.0,1,1.0,0.45,42,1000,432431.32833587745,4324.313283358774,1.0,152.26392433647118
100,100,1.0,1,1.0,0.45,43,1000,432859.1866902507,4328.591866902507,1.0,151.01342974074544
100,100,1.0,1,1.0,0.45,44,1000,432321.56804358447,4323.215680435845,1.0,159.96676035546326
100,100,1.0,1,1.0,0.45,45,1000,432600.8133332701,4326.008133332701,1.0,151.46597775379428
100,100,1.0,1,1.0,0.45,46,1000,432317.59784872836,4323.175978487284,1.0,155.37640094831025
100,100,1.0,1,1.0,0.45,47,1000,430610.22244198614,4306.102224419861,1.0,154.5769780596187
100,100,1.0,1,1.0,0.45,48,1000,430684.062838084,4306.84062838084,1.0,122.05482297451994
100,100,1.0,1,1.0,0.45,49,1000,432004.66813264665,4320.046681326467,1.0,137.85185137421885
100,100,1.0,1,1.0,0.5,0,1000,425902.8918182736,4259.028918182736,1.0,134.58567463537727
100,100,1.0,1,1.0,0.5,1,1000,425460.38658870343,4254.603865887035,1.0,126.33410082189438
100,100,1.0,1,1.0,0.5,2,1000,425775.61164287245,4257.756116428724,1.0,145.42012674665287
100,100,1.0,1,1.0,0.5,3,1000,426576.65419345594,4265.766541934559,1.0,127.13737117650808
100,100,1.0,1,1.0,0.5,4,1000,426176.87436132896,4261.768743613289,1.0,125.4496282901083
100,100,1.0,1,1.0,0.5,5,1000,426722.0869164783,4267.220869164783,1.0,119.86297242261439
100,100,1.0,1,1.0,0.5,6,1000,425598.41407233506,4255.984140723351,1.0,134.65189265457875
100,100,1.0,1,1.0,0.5,7,1000,426746.1042944852,4267.461042944852,1.0,120.85388074017452
100,100,1.0,1,1.0,0.5,8,1000,427602.74320104177,4276.027432010418,1.0,131.03176273927158
100,100,1.0,1,1.0,0.5,9,1000,427105.1760075366,4271.051760075366,1.0,126.03262620990392
100,100,1.0,1,1.0,0.5,10,1000,426409.6075298882,4264.096075298882,1.0,139.18292834327548
100,100,1.0,1,1.0,0.5,11,1000,426226.6659265909,4262.266659265909,1.0,122.62798055070824
100,100,1.0,1,1.0,0.5,12,1000,425153.0502668729,4251.530502668729,1.0,136.35406673895997
100,100,1.0,1,1.0,0.5,13,1000,426344.1493860443,4263.441493860443,1.0,128.3348882937225
100,100,1.0,1,1.0,0.5,14,1000,426330.29939196404,4263.30299391964,1.0,133.98502706478047
100,100,1.0,1,1.0,0.5,15,1000,427668.87582625524,4276.688758262552,1.0,127.4070735633786
100,100,1.0,1,1.0,0.5,16,1000,425151.0416596783,4251.510416596782,1.0,113.75767161095325
100,100,1.0,1,1.0,0.5,17,1000,425260.29663067625,4252.602966306763,1.0,130.20533646988594
100,100,1.0,1,1.0,0.5,18,1000,426090.66201858345,4260.906620185834,1.0,128.0764923484542
100,100,1.0,1,1.0,0.5,19,1000,426055.3261643183,4260.553261643183,1.0,122.45118313178179
100,100,1.0,1,1.0,0.5,20,1000,426148.7405087208,4261.487405087208,1.0,107.70338104322683
100,100,1.0,1,1.0,0.5,21,1000,426400.7192299486,4264.007192299486,1.0,129.23554335972366
100,100,1.0,1,1.0,0.5,22,1000,426114.0802492683,4261.140802492683,1.0,126.46121186704185
100,100,1.0,1,1.0,0.5,23,1000,425335.60185590666,4253.356018559067,1.0,112.77458764415587
100,100,1.0,1,1.0,0.5,24,1000,426488.2608210312,4264.882608210311,1.0,123.84457985371502
100,100,1.0,1,1.0,0.5,25,1000,426271.41631509614,4262.714163150961,1.0,137.0931868063459
100,100,1.0,1,1.0,0.5,26,1000,425876.04329735227,4258.760432973522,1.0,106.60756361101342
100,100,1.0,1,1.0,0.5,27,1000,426627.4278791739,4266.274278791739,1.0,125.04063095030138
100,100,1.0,1,1.0,0.5,28,1000,425729.8411009634,4257.298411009634,1.0,105.66650057962786
100,100,1.0,1,1.0,0.5,29,1000,426031.7917563106,4260.317917563106,1.0,132.67846411734402
100,100,1.0,1,1.0,0.5,30,1000,424847.1400000456,4248.471400000456,1.0,113.1597262605925
100,100,1.0,1,1.0,0.5,31,1000,427385.32230323483,4273.853223032348,1.0,124.96282820676332
100,100,1.0,1,1.0,0.5,32,1000,426260.1042537384,4262.601042537384,1.0,124.78344781585672
100,100,1.0,1,1.0,0.5,33,1000,424405.14453074656,4244.051445307466,1.0,117.55026350554164
100,100,1.0,1,1.0,0.5,34,1000,426397.0337739969,4263.970337739969,1.0,113.64336103570756
100,100,1.0,1,1.0,0.5,35,1000,426981.18194550124,4269.8118194550125,1.0,119.06762038381478
100,100,1.0,1,1.0,0.5,36,1000,426711.9880155197,4267.119880155197,1.0,129.03217598364907
100,100,1.0,1,1.0,0.5,37,1000,426376.43824748584,4263.764382474858,1.0,122.97476419104733
100,100,1.0,1,1.0,0.5,38,1000,425927.9754552032,4259.2797545520325,1.0,131.0107750179331
100,100,1.0,1,1.0,0.5,39,1000,425394.64350136765,4253.946435013677,1.0,132.56100958329296
100,100,1.0,1,1.0,0.5,40,1000,424359.3667556916,4243.5936675569155,1.0,128.5120681637564
100,100,1.0,1,1.0,0.5,41,1000,425102.44496764545,4251.024449676454,1.0,130.96926976116856
100,100,1.0,1,1.0,0.5,42,1000,426245.03521498793,4262.450352149879,1.0,136.63224164113896
100,100,1.0,1,1.0,0.5,43,1000,425477.0108088522,4254.770108088522,1.0,102.14670182872038
100,100,1.0,1,1.0,0.5,44,1000,426486.1819392522,4264.861819392522,1.0,107.2155604229672
100,100,1.0,1,1.0,0.5,45,1000,426266.5963673529,4262.6659636735285,1.0,113.09689526280525
100,100,1.0,1,1.0,0.5,46,1000,425657.9699319166,4256.579699319166,1.0,130.22093594817997
100,100,1.0,1,1.0,0.5,47,1000,425346.6033976702,4253.466033976702,1.0,129.43135848198054
100,100,1.0,1,1.0,0.5,48,1000,426090.0472890934,4260.900472890934,1.0,119.54116938655869
100,100,1.0,1,1.0,0.5,49,1000,426437.9770779712,4264.379770779712,1.0,119.59228887252932
100,200,0.5,2,1.0,0.01,0,1000,703531.0420000767,7035.310420000767,1.0,1928.68558824214
100,200,0.5,2,1.0,0.01,1,1000,675475.7590896076,6754.757590896076,1.0,1950.3688192271682
100,200,0.5,2,1.0,0.01,2,1000,662968.9903302786,6629.689903302787,1.0,2074.735355207432
100,200,0.5,2,1.0,0.01,3,1000,666939.3047317755,6669.393047317755,1.0,1980.0515049302464
100,200,0.5,2,1.0,0.01,4,1000,681031.265231673,6810.31265231673,1.0,1850.2619822474558
100,200,0.5,2,1.0,0.01,5,1000,661047.269227071,6610.47269227071,1.0,1930.600959855477
100,200,0.5,2,1.0,0.01,6,1000,680758.5981968091,6807.585981968091,1.0,1899.6991707585612
100,200,0.5,2,1.0,0.01,7,1000,659188.3822866969,6591.883822866969,1.0,1874.8469592102201
100,200,0.5,2,1.0,0.01,8,1000,684142.488309577,6841.4248830957695,1.0,1905.3589271094443
100,200,0.5,2,1.0,0.01,9,1000,671641.4641351961,6716.41464135196,1.0,2064.7423334956143
100,200,0.5,2,1.0,0.01,10,1000,675654.1580180625,6756.541580180625,1.0,1839.2037008765135
100,200,0.5,2,1.0,0.01,11,1000,658025.1962283595,6580.251962283594,1.0,1906.4043337794603
100,200,0.5,2,1.0,0.01,12,1000,678681.505690706,6786.815056907059,1.0,1807.4898809423714
100,200,0.5,2,1.0,0.01,13,1000,668174.8482166117,6681.748482166116,1.0,1870.9462976545103
100,200,0.5,2,1.0,0.01,14,1000,680874.7510424136,6808.747510424137,1.0,1827.1184293987826
100,200,0.5,2,1.0,0.01,15,1000,663683.6470978066,6636.836470978065,1.0,2130.0658931568123
100,200,0.5,2,1.0,0.01,16,1000,667348.5044640923,6673.485044640923,1.0,2012.7549170556147
100,200,0.5,2,1.0,0.01,17,1000,682117.4360196469,6821.174360196469,1.0,1851.7140231437822
100,200,0.5,2,1.0,0.01,18,1000,639435.622349889,6394.35622349889,1.0,1989.117121141179
100,200,0.5,2,1.0,0.01,19,1000,668148.2736606512,6681.482736606512,1.0,1839.5881104174516
100,200,0.5,2,1.0,0.01,20,1000,670184.4426102431,6701.844426102431,1.0,1822.841426780668
100,200,0.5,2,1.0,0.01,21,1000,654365.680566828,6543.65680566828,1.0,1841.097168453024
100,200,0.5,2,1.0,0.01,22,1000,670812.4947777969,6708.124947777969,1.0,1861.3420257549913
100,200,0.5,2,1.0,0.01,23,1000,664413.898246602,6644.13898246602,1.0,1888.8287679028956
100,200,0.5,2,1.0,0.01,24,1000,685646.2914924911,6856.462914924911,1.0,1957.475101717138
100,200,0.5,2,1.0,0.01,25,1000,696951.3605108937,6969.513605108938,1.0,2040.2639366594324
100,200,0.5,2,1.0,0.01,26,1000,667732.4228240731,6677.324228240731,1.0,1889.783027588596
100,200,0.5,2,1.0,0.01,27,1000,672969.9552255867,6729.699552255866,1.0,1909.4157973075785
100,200,0.5,2,1.0,0.01,28,1000,677162.6705902376,6771.626705902376,1.0,1862.1074021387626
100,200,0.5,2,1.0,0.01,29,1000,668582.6721655153,6685.826721655152,1.0,2047.7527377798806
100,200,0.5,2,1.0,0.01,30,1000,671694.0252285225,6716.940252285225,1.0,1921.7541762571634
100,200,0.5,2,1.0,0.01,31,1000,671611.5148598028,6716.115148598028,1.0,1881.5913416749956
100,200,0.5,2,1.0,0.01,32,1000,668769.9860691711,6687.699860691711,1.0,2003.3787251952251
100,200,0.5,2,1.0,0.01,33,1000,694755.120696999,6947.55120696999,1.0,2099.7854896187837
100,200,0.5,2,1.0,0.01,34,1000,690940.9936022202,6909.409936022202,1.0,2187.2294413472955
100,200,0.5,2,1.0,0.01,35,1000,673675.3317453037,6736.753317453037,1.0,2034.6582257686148
100,200,0.5,2,1.0,0.01,36,1000,665349.7607294563,6653.497607294563,1.0,1980.5387935080958
100,200,0.5,2,1.0,0.01,37,1000,658511.752858677,6585.117528586769,1.0,1994.290241284135
100,200,0.5,2,1.0,0.01,38,1000,692068.3622123029,6920.683622123029,1.0,1796.0842330606667
100,200,0.5,2,1.0,0.01,39,1000,667895.1726076119,6678.951726076119,1.0,1968.2672776248914
100,200,0.5,2,1.0,0.01,40,1000,673054.7991386754,6730.547991386755,1.0,1818.7773643268388
100,200,0.5,2,1.0,0.01,41,1000,690066.7123769462,6900.667123769463,1.0,1785.0651257114043
100,200,0.5,2,1.0,0.01,42,1000,694767.9857464437,6947.679857464437,1.0,1882.217226079305
100,200,0.5,2,1.0,0.01,43,1000,666457.7724334053,6664.577724334053,1.0,1920.9338540769272
100,200,0.5,2,1.0,0.01,44,1000,668130.1777378083,6681.301777378083,1.0,2132.5062470959447
100,200,0.5,2,1.0,0.01,45,1000,689733.8458346156,6897.338458346157,1.0,2012.2833924578074
100,200,0.5,2,1.0,0.01,46,1000,672987.7261906419,6729.877261906418,1.0,1954.8520001528884
100,200,0.5,2,1.0,0.01,47,1000,674690.9053984781,6746.909053984781,1.0,2013.3749189657447
100,200,0.5,2,1.0,0.01,48,1000,679565.4185374174,6795.654185374175,1.0,2134.0858738523657
100,200,0.5,2,1.0,0.01,49,1000,645347.5808292488,6453.475808292487,1.0,1995.371253818083
100,200,0.5,2,1.0,0.02,0,1000,753913.7870097962,7539.137870097962,1.0,1617.2804851446692
100,200,0.5,2,1.0,0.02,1,1000,758753.9672255372,7587.539672255371,1.0,1803.7461036659238
100,200,0.5,2,1.0,0.02,2,1000,782761.6339791267,7827.616339791267,1.0,1679.1024284258867
100,200,0.5,2,1.0,0.02,3,1000,756030.199315681,7560.30199315681,1.0,1752.465468070066
100,200,0.5,2,1.0,0.02,4,1000,751277.2115253109,7512.7721152531085,1.0,1623.627546668845
100,200,0.5,2,1.0,0.02,5,1000,750223.0566159984,7502.230566159984,1.0,1773.810762434685
100,200,0.5,2,1.0,0.02,6,1000,763578.1999342268,7635.781999342268,1.0,1742.2204370078105
100,200,0.5,2,1.0,0.02,7,1000,750253.3244900369,7502.533244900369,1.0,1561.2359913439163
100,200,0.5,2,1.0,0.02,8,1000,750648.8091398663,7506.488091398663,1.0,1739.1045716642902
100,200,0.5,2,1.0,0.02,9,1000,756018.5397484548,7560.185397484548,1.0,1679.5358883076158
100,200,0.5,2,1.0,0.02,10,1000,754928.8264177445,7549.288264177445,1.0,1625.5375278561546
100,200,0.5,2,1.0,0.02,11,1000,748761.8002191633,7487.618002191633,1.0,1629.9883430368275
100,200,0.5,2,1.0,0.02,12,1000,750995.1902655148,7509.951902655148,1.0,1649.3636287693764
100,200,0.5,2,1.0,0.02,13,1000,741670.141801638,7416.70141801638,1.0,1673.5362746040375
100,200,0.5,2,1.0,0.02,14,1000,750659.6407993592,7506.596407993592,1.0,1645.0416659128118
100,200,0.5,2,1.0,0.02,15,1000,747830.7907173649,7478.307907173648,1.0,1747.7097929757792
100,200,0.5,2,1.0,0.02,16,1000,748627.2185327124,7486.272185327124,1.0,1685.6945435062587
100,200,0.5,2,1.0,0.02,17,1000,750926.155905471,7509.261559054709,1.0,1664.3880536535157
100,200,0.5,2,1.0,0.02,18,1000,740108.7105678064,7401.087105678063,1.0,1687.9225067027267
100,200,0.5,2,1.0,0.02,19,1000,750152.2591097098,7501.522591097098,1.0,1660.2170838309457
100,200,0.5,2,1.0,0.02,20,1000,755394.4392129765,7553.944392129765,1.0,1688.6524113280677
100,200,0.5,2,1.0,0.02,21,1000,744070.5268923631,7440.705268923631,1.0,1638.852775058353
100,200,0.5,2,1.0,0.02,22,1000,753138.264389675,7531.38264389675,1.0,1647.5083527386423
100,200,0.5,2,1.0,0.02,23,1000,763272.9513845376,7632.7295138453765,1.0,1763.6557334670656
100,200,0.5,2,1.0,0.02,24,1000,761907.6300713384,7619.076300713384,1.0,1699.402418898639
100,200,0.5,2,1.0,0.02,25,1000,764658.0683950918,7646.580683950918,1.0,1740.4187781711125
100,200,0.5,2,1.0,0.02,26,1000,757055.0877467071,7570.550877467072,1.0,1796.8339588720776
100,200,0.5,2,1.0,0.02,27,1000,750312.2349509556,7503.122349509556,1.0,1667.1822259553428
100,200,0.5,2,1.0,0.02,28,1000,747978.934105639,7479.78934105639,1.0,1629.2617768005637
100,200,0.5,2,1.0,0.02,29,1000,745049.990156939,7450.49990156939,1.0,1702.7924448067233
100,200,0.5,2,1.0,0.02,30,1000,745096.6728773621,7450.966728773621,1.0,1652.0701345915015
100,200,0.5,2,1.0,0.02,31,1000,758820.7943252913,7588.207943252913,1.0,1666.1998879855855
100,200,0.5,2,1.0,0.02,32,1000,755400.9236587274,7554.009236587274,1.0,1636.9985812652358
100,200,0.5,2,1.0,0.02,33,1000,738103.0282557288,7381.030282557288,1.0,1642.2278937868793
100,200,0.5,2,1.0,0.02,34,1000,749106.7843999328,7491.067843999328,1.0,1747.8175493845317
100,200,0.5,2,1.0,0.02,35,1000,751376.2655373696,7513.762655373696,1.0,1646.538001195056
100,200,0.5,2,1.0,0.02,36,1000,741032.6764268886,7410.326764268885,1.0,1736.7767466526964
100,200,0.5,2,1.0,0.02,37,1000,735200.4376252682,7352.004376252682,1.0,1679.6062747155963
100,200,0.5,2,1.0,0.02,38,1000,757007.1170594419,7570.071170594419,1.0,1822.2428341910672
100,200,0.5,2,1.0,0.02,39,1000,743116.1273184321,7431.161273184321,1.0,1701.4850264088632
100,200,0.5,2,1.0,0.02,40,1000,748656.6180754519,7486.566180754519,1.0,1684.3200716339497
100,200,0.5,2,1.0,0.02,41,1000,756825.5820771499,7568.255820771499,1.0,1694.0935090827381
100,200,0.5,2,1.0,0.02,42,1000,762082.7106897301,7620.827106897301,1.0,1637.3428669339567
100,200,0.5,2,1.0,0.02,43,1000,759088.8934713966,7590.888934713967,1.0,1719.0917438703061
100,200,0.5,2,1.0,0.02,44,1000,751234.4522067972,7512.344522067972,1.0,1637.4379412679775
100,200,0.5,2,1.0,0.02,45,1000,758680.1564799414,7586.801564799414,1.0,1778.1060992489524
100,200,0.5,2,1.0,0.02,46,1000,756350.2729283365,7563.502729283366,1.0,1686.952834701768
100,200,0.5,2,1.0,0.02,47,1000,757611.579455863,7576.11579455863,1.0,1706.9151767359433
100,200,0.5,2,1.0,0.02,48,1000,746469.2833755288,7464.692833755287,1.0,1530.4090559819804
100,200,0.5,2,1.0,0.02,49,1000,751599.4768842305,7515.994768842305,1.0,1612.0003256733828
100,200,0.5,2,1.0,0.03,0,1000,794336.1080951396,7943.361080951396,1.0,1667.357395693431
100,200,0.5,2,1.0,0.03,1,1000,785012.2769489089,7850.1227694890895,1.0,1632.8056022894714
100,200,0.5,2,1.0,0.03,2,1000,778660.7378223839,7786.607378223839,1.0,1616.844928683741
100,200,0.5,2,1.0,0.03,3,1000,775285.7439763105,7752.857439763105,1.0,1679.684692026869
100,200,0.5,2,1.0,0.03,4,1000,749484.0541955192,7494.840541955192,1.0,1428.8402163638093
100,200,0.5,2,1.0,0.03,5,1000,786486.9808667396,7864.869808667397,1.0,1586.4326078116299
100,200,0.5,2,1.0,0.03,6,1000,775353.0517894933,7753.530517894933,1.0,1645.147516774232
100,200,0.5,2,1.0,0.03,7,1000,777053.562332321,7770.53562332321,1.0,1606.4895157975027
100,200,0.5,2,1.0,0.03,8,1000,798404.124443515,7984.04124443515,1.0,1657.209111072217
100,200,0.5,2,1.0,0.03,9,1000,772890.4506031083,7728.904506031083,1.0,1513.2128951605177
100,200,0.5,2,1.0,0.03,10,1000,776740.8514960785,7767.408514960785,1.0,1549.5413315677338
100,200,0.5,2,1.0,0.03,11,1000,782474.2843168128,7824.742843168127,1.0,1534.7029312957698
100,200,0.5,2,1.0,0.03,12,1000,771280.6794518662,7712.806794518662,1.0,1574.5973579188612
100,200,0.5,2,1.0,0.03,13,1000,777279.4932471056,7772.794932471056,1.0,1511.0424067308245
100,200,0.5,2,1.0,0.03,14,1000,763905.6912174852,7639.056912174852,1.0,1562.773921326257
100,200,0.5,2,1.0,0.03,15,1000,775350.1828969356,7753.501828969356,1.0,1573.0028875819442
100,200,0.5,2,1.0,0.03,16,1000,784261.3193501016,7842.613193501016,1.0,1484.603757485599
100,200,0.5,2,1.0,0.03,17,1000,779642.2803513088,7796.422803513087,1.0,1573.7371916275085
100,200,0.5,2,1.0,0.03,18,1000,768266.9715626157,7682.669715626157,1.0,1525.2256729390087
100,200,0.5,2,1.0,0.03,19,1000,780653.8743184238,7806.538743184238,1.0,1561.329485956772
100,200,0.5,2,1.0,0.03,20,1000,782591.0700541359,7825.910700541359,1.0,1554.537634859365
100,200,0.5,2,1.0,0.03,21,1000,769597.9897667881,7695.979897667881,1.0,1561.1289592508097
100,200,0.5,2,1.0,0.03,22,1000,785537.4356845645,7855.374356845645,1.0,1564.24883841741
100,200,0.5,2,1.0,0.03,23,1000,786274.6908894058,7862.746908894058,1.0,1653.4498930291713
100,200,0.5,2,1.0,0.03,24,1000,767897.5106067315,7678.975106067315,1.0,1526.9854243184948
100,200,0.5,2,1.0,0.03,25,1000,782472.2729134092,7824.722729134091,1.0,1552.7200420624797
100,200,0.5,2,1.0,0.03,26,1000,777573.1217531691,7775.731217531691,1.0,1614.9658269002384
100,200,0.5,2,1.0,0.03,27,1000,778209.1111670233,7782.091111670233,1.0,1552.6345722200708
100,200,0.5,2,1.0,0.03,28,1000,779816.5257124676,7798.165257124676,1.0,1549.6504808978211
100,200,0.5,2,1.0,0.03,29,1000,776685.7765073277,7766.857765073277,1.0,1629.7123763744921
100,200,0.5,2,1.0,0.03,30,1000,771819.3240293654,7718.1932402936545,1.0,1578.087929770621
100,200,0.5,2,1.0,0.03,31,1000,784916.9495965006,7849.169495965006,1.0,1584.531096155807
100,200,0.5,2,1.0,0.03,32,1000,784230.9965561326,7842.309965561326,1.0,1637.220708806891
100,200,0.5,2,1.0,0.03,33,1000,777269.0864749763,7772.690864749763,1.0,1608.170777052139
100,200,0.5,2,1.0,0.03,34,1000,764100.9613251443,7641.009613251443,1.0,1559.7185912542461
100,200,0.5,2,1.0,0.03,35,1000,777745.8037194186,7777.458037194186,1.0,1568.2528265452218
100,200,0.5,2,1.0,0.03,36,1000,775971.924540755,7759.71924540755,1.0,1639.7637563368676
100,200,0.5,2,1.0,0.03,37,1000,764860.057584158,7648.60057584158,1.0,1641.2183575505505
100,200,0.5,2,1.0,0.03,38,1000,758494.7282620048,7584.947282620048,1.0,1585.611250746401
100,200,0.5,2,1.0,0.03,39,1000,783149.8033856213,7831.498033856213,1.0,1516.1464441495057
100,200,0.5,2,1.0,0.03,40,1000,778360.2750260932,7783.602750260932,1.0,1608.1210169602994
100,200,0.5,2,1.0,0.03,41,1000,785241.6924638452,7852.416924638453,1.0,1553.825845750921
100,200,0.5,2,1.0,0.03,42,1000,776224.3211321644,7762.243211321645,1.0,1553.8833616479333
100,200,0.5,2,1.0,0.03,43,1000,787664.1524879925,7876.641524879926,1.0,1599.8870603043622
100,200,0.5,2,1.0,0.03,44,1000,786397.1374877945,7863.971374877945,1.0,1617.8331682675196
100,200,0.5,2,1.0,0.03,45,1000,783604.3665425559,7836.043665425558,1.0,1603.0403855347706
100,200,0.5,2,1.0,0.03,46,1000,775369.3464791998,7753.693464791998,1.0,1473.0142004101604
100,200,0.5,2,1.0,0.03,47,1000,784307.486838616,7843.074868386159,1.0,1599.3882093663276
100,200,0.5,2,1.0,0.03,48,1000,767058.5324931585,7670.585324931585,1.0,1570.6647007790548
100,200,0.5,2,1.0,0.03,49,1000,774938.8766530625,7749.388766530626,1.0,1580.6569290849873
100,200,0.5,2,1.0,0.04,0,1000,788386.7462864502,7883.867462864502,1.0,1495.897118674381
100,200,0.5,2,1.0,0.04,1,1000,785734.1731511673,7857.341731511673,1.0,1550.684421817693
100,200,0.5,2,1.0,0.04,2,1000,799613.1651801242,7996.131651801243,0.999,1528.1662930400826
100,200,0.5,2,1.0,0.04,3,1000,788821.7530212943,7888.217530212943,1.0,1524.295627403481
100,200,0.5,2,1.0,0.04,4,1000,781693.5725460423,7816.935725460423,1.0,1505.0311850823402
100,200,0.5,2,1.0,0.04,5,1000,777751.8017237617,7777.518017237617,1.0,1575.05389507873
100,200,0.5,2,1.0,0.04,6,1000,792854.2138872046,7928.542138872046,1.0,1524.6510442441124
100,200,0.5,2,1.0,0.04,7,1000,795739.1123133952,7957.3911231339525,1.0,1580.8283835884904
100,200,0.5,2,1.0,0.04,8,1000,795094.6056072578,7950.946056072578,1.0,1557.3715485951784
100,200,0.5,2,1.0,0.04,9,1000,785601.2994345909,7856.012994345909,1.0,1442.2020516509092
100,200,0.5,2,1.0,0.04,10,1000,797528.1916674012,7975.281916674012,1.0,1590.7828550670004
100,200,0.5,2,1.0,0.04,11,1000,793103.5909046748,7931.035909046748,1.0,1503.3500601788137
100,200,0.5,2,1.0,0.04,12,1000,784984.9547377684,7849.849547377684,1.0,1537.6960133620146
100,200,0.5,2,1.0,0.04,13,1000,792319.1977071761,7923.191977071761,1.0,1521.971417818129
100,200,0.5,2,1.0,0.04,14,1000,790150.095212117,7901.50095212117,1.0,1600.952604001897
100,200,0.5,2,1.0,0.04,15,1000,793105.3469684188,7931.053469684188,1.0,1517.367571572782
100,200,0.5,2,1.0,0.04,16,1000,781024.4792070925,7810.2447920709255,1.0,1461.2585899455812
100,200,0.5,2,1.0,0.04,17,1000,786698.839375294,7866.98839375294,1.0,1504.0764416101676
100,200,0.5,2,1.0,0.04,18,1000,794560.2855942951,7945.6028559429515,1.0,1583.12996238747
100,200,0.5,2,1.0,0.04,19,1000,789738.3833570762,7897.383833570762,1.0,1568.821087058102
100,200,0.5,2,1.0,0.04,20,1000,780672.8035909815,7806.728035909815,1.0,1517.6184325860138
100,200,0.5,2,1.0,0.04,21,1000,794733.2963889454,7947.332963889454,1.0,1576.7233367512567
100,200,0.5,2,1.0,0.04,22,1000,800457.3655771018,8004.573655771018,1.0,1560.5375382878694
100,200,0.5,2,1.0,0.04,23,1000,783596.4936379602,7835.964936379602,1.0,1493.8016613805082
100,200,0.5,2,1.0,0.04,24,1000,787556.3600618965,7875.563600618965,1.0,1470.9934507916842
100,200,0.5,2,1.0,0.04,25,1000,788389.4215424823,7883.894215424823,1.0,1601.8597207564455
100,200,0.5,2,1.0,0.04,26,1000,782124.8060668331,7821.248060668331,1.0,1442.249552230562
100,200,0.5,2,1.0,0.04,27,1000,779935.5247370404,7799.355247370404,1.0,1531.1352953011651
100,200,0.5,2,1.0,0.04,28,1000,781901.7718522805,7819.017718522805,1.0,1457.68532609287
100,200,0.5,2,1.0,0.04,29,1000,787261.6745223972,7872.616745223972,1.0,1569.6717902491403
100,200,0.5,2,1.0,0.04,30,1000,789811.725260225,7898.11725260225,1.0,1547.4590422506776
100,200,0.5,2,1.0,0.04,31,1000,786901.8805079076,7869.018805079076,1.0,1447.1686243929066
100,200,0.5,2,1.0,0.04,32,1000,789714.5947560067,7897.145947560068,1.0,1497.0231214104397
100,200,0.5,2,1.0,0.04,33,1000,788906.5943755178,7889.065943755178,1.0,1579.3074082619944
100,200,0.5,2,1.0,0.04,34,1000,786466.2632213457,7864.662632213457,1.0,1617.1185748913597
100,200,0.5,2,1.0,0.04,35,1000,797442.2825793447,7974.422825793447,1.0,1572.517107729654
100,200,0.5,2,1.0,0.04,36,1000,778598.8770819166,7785.988770819165,1.0,1461.8355314960993
100,200,0.5,2,1.0,0.04,37,1000,781655.7322670362,7816.557322670362,1.0,1515.5492973284859
100,200,0.5,2,1.0,0.04,38,1000,790616.4607914946,7906.164607914946,1.0,1561.418893534731
100,200,0.5,2,1.0,0.04,39,1000,782781.2986202084,7827.812986202084,1.0,1482.988121129736
100,200,0.5,2,1.0,0.04,40,1000,789786.8281219524,7897.868281219524,1.0,1462.9253369702153
100,200,0.5,2,1.0,0.04,41,1000,798907.6177410545,7989.076177410545,0.999,1503.8257685490703
100,200,0.5,2,1.0,0.04,42,1000,782326.8129181532,7823.2681291815325,1.0,1443.9666023415102
100,200,0.5,2,1.0,0.04,43,1000,784293.172126595,7842.931721265951,1.0,1493.7290472721213
100,200,0.5,2,1.0,0.04,44,1000,793668.0669867032,7936.680669867032,1.0,1566.770613643124
100,200,0.5,2,1.0,0.04,45,1000,779533.2887209974,7795.332887209974,1.0,1476.7605832319832
100,200,0.5,2,1.0,0.04,46,1000,790578.2195599829,7905.782195599829,1.0,1554.9265148154047
100,200,0.5,2,1.0,0.04,47,1000,793930.761495816,7939.30761495816,1.0,1490.7353294437391
100,200,0.5,2,1.0,0.04,48,1000,781206.38258274,7812.0638258274,1.0,1479.57764456694
100,200,0.5,2,1.0,0.04,49,1000,790448.0815086213,7904.480815086214,1.0,1507.9618196961003
100,200,0.5,2,1.0,0.05,0,1000,795158.7275746888,7951.587275746889,1.0,1520.7272249683683
100,200,0.5,2,1.0,0.05,1,1000,793458.9987337113,7934.589987337113,1.0,1504.4754341811413
100,200,0.5,2,1.0,0.05,2,1000,797274.1668171748,7972.741668171748,1.0,1465.8423283558113
100,200,0.5,2,1.0,0.05,3,1000,772683.8851581758,7726.838851581759,1.0,1509.6306624237855
100,200,0.5,2,1.0,0.05,4,1000,785120.9410499973,7851.209410499973,1.0,1421.444748957139
100,200,0.5,2,1.0,0.05,5,1000,788509.4227288106,7885.094227288106,1.0,1526.5091742247641
100,200,0.5,2,1.0,0.05,6,1000,791096.8332511109,7910.968332511108,1.0,1464.475163390345
100,200,0.5,2,1.0,0.05,7,1000,804778.7291050113,8047.787291050114,1.0,1517.132292976669
100,200,0.5,2,1.0,0.05,8,1000,785389.9138408819,7853.8991384088185,1.0,1553.3536573507486
100,200,0.5,2,1.0,0.05,9,1000,793301.9395827152,7933.019395827152,1.0,1497.1557663173817
100,200,0.5,2,1.0,0.05,10,1000,785367.0076284109,7853.670076284109,1.0,1515.3380837637935
100,200,0.5,2,1.0,0.05,11,1000,789355.8868311247,7893.558868311246,1.0,1476.0943223088045
100,200,0.5,2,1.0,0.05,12,1000,781717.9715228273,7817.1797152282725,1.0,1460.7417758709028
100,200,0.5,2,1.0,0.05,13,1000,801167.7378484146,8011.677378484146,1.0,1565.4262600494067
100,200,0.5,2,1.0,0.05,14,1000,793046.991606426,7930.469916064259,1.0,1549.9074401499129
100,200,0.5,2,1.0,0.05,15,1000,790619.2049887513,7906.192049887513,1.0,1451.476008841786
100,200,0.5,2,1.0,0.05,16,1000,797789.9952437591,7977.899952437591,1.0,1512.1553746751326
100,200,0.5,2,1.0,0.05,17,1000,790689.0766008783,7906.8907660087825,1.0,1554.1306664806052
100,200,0.5,2,1.0,0.05,18,1000,790704.4202827025,7907.044202827025,1.0,1438.1709223569383
100,200,0.5,2,1.0,0.05,19,1000,800866.3814943354,8008.663814943354,1.0,1564.4362921362817
100,200,0.5,2,1.0,0.05,20,1000,789338.5177894316,7893.385177894316,1.0,1526.1835084094023
100,200,0.5,2,1.0,0.05,21,1000,784397.9518370393,7843.979518370394,1.0,1497.8552702238258
100,200,0.5,2,1.0,0.05,22,1000,784300.2426122851,7843.002426122851,1.0,1486.5049679764566
100,200,0.5,2,1.0,0.05,23,1000,785167.2219930221,7851.672219930221,1.0,1464.5635140089819
100,200,0.5,2,1.0,0.05,24,1000,791327.7774352451,7913.277774352451,1.0,1511.055688344836
100,200,0.5,2,1.0,0.05,25,1000,800364.3635053454,8003.643635053454,1.0,1610.5792857781337
100,200,0.5,2,1.0,0.05,26,1000,789850.5948396656,7898.505948396656,1.0,1463.1458442617682
100,200,0.5,2,1.0,0.05,27,1000,796652.7824062557,7966.527824062558,1.0,1521.0790353558834
100,200,0.5,2,1.0,0.05,28,1000,796381.4501405875,7963.8145014058755,1.0,1443.473902739688
100,200,0.5,2,1.0,0.05,29,1000,806235.1932599989,8062.35193259999,1.0,1530.2457556756315
100,200,0.5,2,1.0,0.05,30,1000,791728.7110628466,7917.287110628466,1.0,1541.097785893752
100,200,0.5,2,1.0,0.05,31,1000,789215.6440893551,7892.156440893551,1.0,1468.1351820085438
100,200,0.5,2,1.0,0.05,32,1000,798373.2940368246,7983.732940368246,1.0,1514.1385545753478
100,200,0.5,2,1.0,0.05,33,1000,791516.2741670483,7915.162741670483,1.0,1529.3726565811044
100,200,0.5,2,1.0,0.05,34,1000,793257.0850945407,7932.570850945407,1.0,1540.7188814366657
100,200,0.5,2,1.0,0.05,35,1000,793430.7663671592,7934.307663671592,1.0,1510.8998645128572
100,200,0.5,2,1.0,0.05,36,1000,794929.9786789871,7949.299786789871,1.0,1522.6757905441664
100,200,0.5,2,1.0,0.05,37,1000,799441.4547218342,7994.414547218342,1.0,1573.1354270674562
100,200,0.5,2,1.0,0.05,38,1000,788548.8942458011,7885.4889424580115,1.0,1472.3333024165386
100,200,0.5,2,1.0,0.05,39,1000,776329.7804531003,7763.297804531004,1.0,1392.7493280503434
100,200,0.5,2,1.0,0.05,40,1000,794835.5374388952,7948.355374388952,1.0,1590.3972096880293
100,200,0.5,2,1.0,0.05,41,1000,795702.4301935887,7957.024301935887,1.0,1502.566059188865
100,200,0.5,2,1.0,0.05,42,1000,776495.8103713696,7764.958103713696,1.0,1483.8239919899072
100,200,0.5,2,1.0,0.05,43,1000,801379.0349126514,8013.790349126514,1.0,1506.5754984773346
100,200,0.5,2,1.0,0.05,44,1000,790679.4126217351,7906.794126217352,1.0,1489.0648404037931
100,200,0.5,2,1.0,0.05,45,1000,785386.0004780474,7853.860004780474,1.0,1494.0837845426624
100,200,0.5,2,1.0,0.05,46,1000,788955.6204353835,7889.556204353835,1.0,1412.4432212663767
100,200,0.5,2,1.0,0.05,47,1000,801472.4463697864,8014.724463697864,1.0,1532.1223520579344
100,200,0.5,2,1.0,0.05,48,1000,788559.4360223671,7885.594360223671,1.0,1454.1409612127272
100,200,0.5,2,1.0,0.05,49,1000,785697.1031180896,7856.971031180896,1.0,1458.3790961498446
100,200,0.5,2,1.0,0.06,0,1000,793287.9699261772,7932.879699261772,1.0,1522.0925969570098
100,200,0.5,2,1.0,0.06,1,1000,795527.2372245913,7955.272372245913,1.0,1432.6502180636924
100,200,0.5,2,1.0,0.06,2,1000,799027.0321205625,7990.270321205625,1.0,1482.271872326723
100,200,0.5,2,1.0,0.06,3,1000,794453.1465372549,7944.531465372549,1.0,1465.959244973792
100,200,0.5,2,1.0,0.06,4,1000,779419.5282590464,7794.195282590464,1.0,1523.8444296481543
100,200,0.5,2,1.0,0.06,5,1000,801914.4008654921,8019.144008654921,1.0,1428.3757140233886
100,200,0.5,2,1.0,0.06,6,1000,793224.7894024742,7932.247894024742,1.0,1481.5855400475712
100,200,0.5,2,1.0,0.06,7,1000,791030.3110679209,7910.303110679209,1.0,1446.3422580260212
100,200,0.5,2,1.0,0.06,8,1000,792600.6303494181,7926.006303494181,1.0,1531.2591872245368
100,200,0.5,2,1.0,0.06,9,1000,798392.4582836987,7983.924582836987,1.0,1420.7915833238283
100,200,0.5,2,1.0,0.06,10,1000,786381.8469727229,7863.818469727229,1.0,1481.86717611368
100,200,0.5,2,1.0,0.06,11,1000,792707.9298418676,7927.079298418676,1.0,1473.5493583512975
100,200,0.5,2,1.0,0.06,12,1000,789071.8796583646,7890.718796583646,1.0,1502.1955113501822
100,200,0.5,2,1.0,0.06,13,1000,794106.8641026889,7941.068641026888,1.0,1446.6844955441654
100,200,0.5,2,1.0,0.06,14,1000,794856.5771587089,7948.565771587089,1.0,1460.0370663571284
100,200,0.5,2,1.0,0.06,15,1000,797197.2902801634,7971.972902801634,1.0,1433.0695973868542
100,200,0.5,2,1.0,0.06,16,1000,797888.1586019489,7978.881586019489,1.0,1478.7109031344974
100,200,0.5,2,1.0,0.06,17,1000,793811.3269554221,7938.113269554221,1.0,1445.6149896923177
100,200,0.5,2,1.0,0.06,18,1000,798910.1689670344,7989.101689670344,1.0,1474.9064566847273
100,200,0.5,2,1.0,0.06,19,1000,790964.1473004352,7909.6414730043525,1.0,1462.4598499922215
100,200,0.5,2,1.0,0.06,20,1000,804117.2416057315,8041.172416057316,0.999,1554.3134826932278
100,200,0.5,2,1.0,0.06,21,1000,788874.6779776837,7888.746779776837,1.0,1454.0001332917425
100,200,0.5,2,1.0,0.06,22,1000,796638.5017580861,7966.385017580861,1.0,1463.2949922566054
100,200,0.5,2,1.0,0.06,23,1000,791145.9222196785,7911.459222196785,1.0,1453.2087290166842
100,200,0.5,2,1.0,0.06,24,1000,792783.7414145962,7927.837414145962,1.0,1465.9652366010887
100,200,0.5,2,1.0,0.06,25,1000,794235.2316328917,7942.352316328917,1.0,1472.0815985251054
100,200,0.5,2,1.0,0.06,26,1000,786125.1781294042,7861.251781294042,1.0,1453.1178757349567
100,200,0.5,2,1.0,0.06,27,1000,790637.3989855894,7906.373989855894,1.0,1479.089305133444
100,200,0.5,2,1.0,0.06,28,1000,797927.62770718,7979.2762770718,1.0,1495.0749129515095
100,200,0.5,2,1.0,0.06,29,1000,791076.5818680908,7910.765818680908,1.0,1468.643357666536
100,200,0.5,2,1.0,0.06,30,1000,800234.2949759468,8002.342949759468,1.0,1489.8823662192624
100,200,0.5,2,1.0,0.06,31,1000,789572.296798431,7895.722967984309,1.0,1433.3431331180525
100,200,0.5,2,1.0,0.06,32,1000,794288.4023127838,7942.884023127837,1.0,1458.708173992665
100,200,0.5,2,1.0,0.06,33,1000,786158.5124874993,7861.585124874993,1.0,1396.8313508736546
100,200,0.5,2,1.0,0.06,34,1000,778260.377725451,7782.6037772545105,1.0,1535.6674284747642
100,200,0.5,2,1.0,0.06,35,1000,786476.3202072358,7864.763202072358,1.0,1472.2981356984506
100,200,0.5,2,1.0,0.06,36,1000,786371.4512760352,7863.714512760352,1.0,1421.5520231224527
100,200,0.5,2,1.0,0.06,37,1000,791270.6479396544,7912.706479396544,1.0,1546.815747487486
100,200,0.5,2,1.0,0.06,38,1000,800618.3301341649,8006.183301341649,1.0,1430.4697251171942
100,200,0.5,2,1.0,0.06,39,1000,790216.0037946556,7902.160037946555,1.0,1496.8959591598414
100,200,0.5,2,1.0,0.06,40,1000,784715.7009707831,7847.157009707831,1.0,1432.709516105463
100,200,0.5,2,1.0,0.06,41,1000,793666.7477005335,7936.667477005335,1.0,1441.9619187345088
100,200,0.5,2,1.0,0.06,42,1000,791537.5435580192,7915.375435580192,1.0,1430.3160009388632
100,200,0.5,2,1.0,0.06,43,1000,783804.2543197497,7838.042543197496,1.0,1421.4462314687332
100,200,0.5,2,1.0,0.06,44,1000,782546.9731948057,7825.4697319480565,1.0,1508.8581930195176
100,200,0.5,2,1.0,0.06,45,1000,782300.8327071549,7823.0083270715495,1.0,1385.1931373706695
100,200,0.5,2,1.0,0.06,46,1000,792177.5649593533,7921.775649593533,1.0,1508.4264546847107
100,200,0.5,2,1.0,0.06,47,1000,788850.3001065691,7888.503001065691,1.0,1495.365656473611
100,200,0.5,2,1.0,0.06,48,1000,786264.1457574602,7862.641457574601,1.0,1432.9507197483526
100,200,0.5,2,1.0,0.06,49,1000,781309.6346225435,7813.096346225435,1.0,1429.3361409697309
100,200,0.5,2,1.0,0.07,0,1000,789706.0773006895,7897.060773006895,1.0,1427.5557906563654
100,200,0.5,2,1.0,0.07,1,1000,791807.3545444423,7918.073545444423,1.0,1396.2173344803384
100,200,0.5,2,1.0,0.07,2,1000,797038.0465725425,7970.380465725425,1.0,1498.3741770277559
100,200,0.5,2,1.0,0.07,3,1000,780672.9312321778,7806.729312321778,1.0,1357.6635469528574
100,200,0.5,2,1.0,0.07,4,1000,789328.0402776297,7893.280402776298,1.0,1420.6713516204682
100,200,0.5,2,1.0,0.07,5,1000,803315.7974490969,8033.1579744909695,1.0,1477.5888515844645
100,200,0.5,2,1.0,0.07,6,1000,785933.7167360258,7859.337167360258,1.0,1441.394550510085
100,200,0.5,2,1.0,0.07,7,1000,799956.3970595064,7999.563970595063,1.0,1499.7613673442133
100,200,0.5,2,1.0,0.07,8,1000,790156.0103108772,7901.560103108773,1.0,1409.4385333367022
100,200,0.5,2,1.0,0.07,9,1000,798560.5752687675,7985.605752687676,1.0,1508.1801948682655
100,200,0.5,2,1.0,0.07,10,1000,787421.1999022138,7874.211999022137,1.0,1394.983929984135
100,200,0.5,2,1.0,0.07,11,1000,785484.5076700326,7854.845076700326,1.0,1407.1793552143126
100,200,0.5,2,1.0,0.07,12,1000,783815.3773493022,7838.153773493022,1.0,1393.5878769056283
100,200,0.5,2,1.0,0.07,13,1000,781990.9443128209,7819.909443128209,1.0,1405.3144470565671
100,200,0.5,2,1.0,0.07,14,1000,799783.1652478585,7997.831652478585,1.0,1413.585427938681
100,200,0.5,2,1.0,0.07,15,1000,791981.6307369726,7919.816307369725,1.0,1361.6335042108017
100,200,0.5,2,1.0,0.07,16,1000,792942.444984139,7929.424449841389,1.0,1414.4465135250123
100,200,0.5,2,1.0,0.07,17,1000,793583.1825485548,7935.8318254855485,1.0,1416.9113928701397
100,200,0.5,2,1.0,0.07,18,1000,788280.4351629291,7882.804351629291,1.0,1458.9367038469888
100,200,0.5,2,1.0,0.07,19,1000,780793.0916337647,7807.9309163376465,1.0,1439.8230955991296
100,200,0.5,2,1.0,0.07,20,1000,794311.1652829009,7943.1116528290095,1.0,1443.4649476381132
100,200,0.5,2,1.0,0.07,21,1000,797787.7017717003,7977.877017717003,1.0,1386.0766816773173
100,200,0.5,2,1.0,0.07,22,1000,800085.9666705237,8000.859666705237,1.0,1487.1745714676724
100,200,0.5,2,1.0,0.07,23,1000,791342.8937522607,7913.428937522607,1.0,1474.3509874208116
100,200,0.5,2,1.0,0.07,24,1000,792756.0759289204,7927.560759289204,1.0,1477.27903962591
100,200,0.5,2,1.0,0.07,25,1000,796781.3902991537,7967.813902991537,1.0,1468.3597200640315
100,200,0.5,2,1.0,0.07,26,1000,794107.5778896295,7941.075778896296,1.0,1401.4020957872954
100,200,0.5,2,1.0,0.07,27,1000,787680.5551993639,7876.805551993639,1.0,1474.6248512630073
100,200,0.5,2,1.0,0.07,28,1000,782012.713357807,7820.12713357807,1.0,1343.1594790767808
100,200,0.5,2,1.0,0.07,29,1000,791333.9175039236,7913.339175039237,1.0,1483.6430620330066
100,200,0.5,2,1.0,0.07,30,1000,789639.6918685494,7896.396918685495,1.0,1447.461080274215
100,200,0.5,2,1.0,0.07,31,1000,789028.2664144736,7890.282664144736,1.0,1406.240997021397
100,200,0.5,2,1.0,0.07,32,1000,779129.202475886,7791.29202475886,1.0,1333.4543135908064
100,200,0.5,2,1.0,0.07,33,1000,792553.8942257366,7925.538942257366,1.0,1441.2470488522304
100,200,0.5,2,1.0,0.07,34,1000,786577.7287819746,7865.777287819747,1.0,1428.425351125006
100,200,0.5,2,1.0,0.07,35,1000,792559.3125816174,7925.593125816174,1.0,1421.7803422607346
100,200,0.5,2,1.0,0.07,36,1000,795417.9094688882,7954.179094688882,1.0,1426.3573889747117
100,200,0.5,2,1.0,0.07,37,1000,781678.8688459585,7816.788688459585,1.0,1435.7078716838557
100,200,0.5,2,1.0,0.07,38,1000,786039.8290163078,7860.398290163078,1.0,1369.8733252430368
100,200,0.5,2,1.0,0.07,39,1000,794298.2210898608,7942.982210898608,1.0,1459.842454417272
100,200,0.5,2,1.0,0.07,40,1000,785162.8715706032,7851.628715706032,1.0,1422.6513199633803
100,200,0.5,2,1.0,0.07,41,1000,781001.2821167185,7810.0128211671845,1.0,1361.022198786714
100,200,0.5,2,1.0,0.07,42,1000,789441.7691092944,7894.417691092944,1.0,1384.3840297607494
100,200,0.5,2,1.0,0.07,43,1000,799130.9575293855,7991.309575293854,0.999,1477.5677161282285
100,200,0.5,2,1.0,0.07,44,1000,792719.2716785618,7927.192716785618,1.0,1454.610430298076
100,200,0.5,2,1.0,0.07,45,1000,787153.6813373463,7871.536813373463,1.0,1507.718000423417
100,200,0.5,2,1.0,0.07,46,1000,785491.1759076486,7854.911759076486,1.0,1397.6847604985494
100,200,0.5,2,1.0,0.07,47,1000,795837.95996084,7958.379599608399,1.0,1463.8983390429125
100,200,0.5,2,1.0,0.07,48,1000,791089.9574832482,7910.899574832482,1.0,1406.5921797584056
100,200,0.5,2,1.0,0.07,49,1000,785948.7669010595,7859.487669010596,1.0,1432.1571559491863
100,200,0.5,2,1.0,0.08,0,1000,782609.2545507285,7826.092545507285,1.0,1408.1294273076662
100,200,0.5,2,1.0,0.08,1,1000,782860.3183972564,7828.603183972565,1.0,1360.3813068324673
100,200,0.5,2,1.0,0.08,2,1000,794676.1982638747,7946.761982638747,1.0,1414.6720377234492
100,200,0.5,2,1.0,0.08,3,1000,783310.1189778161,7833.101189778161,1.0,1441.7229613564575
100,200,0.5,2,1.0,0.08,4,1000,775548.6053999341,7755.4860539993415,1.0,1305.1425001426628
100,200,0.5,2,1.0,0.08,5,1000,789993.3657122684,7899.933657122684,1.0,1418.1735412510266
100,200,0.5,2,1.0,0.08,6,1000,784571.0605938783,7845.7106059387825,1.0,1391.9902769308153
100,200,0.5,2,1.0,0.08,7,1000,787276.5606107349,7872.7656061073485,1.0,1409.6012418062671
100,200,0.5,2,1.0,0.08,8,1000,795025.4487089033,7950.254487089032,1.0,1427.7622813375995
100,200,0.5,2,1.0,0.08,9,1000,788281.3318822272,7882.813318822272,1.0,1404.8975787611862
100,200,0.5,2,1.0,0.08,10,1000,794139.073787227,7941.390737872271,1.0,1423.6931085892156
100,200,0.5,2,1.0,0.08,11,1000,784058.6706911873,7840.586706911872,1.0,1373.6519545392703
100,200,0.5,2,1.0,0.08,12,1000,797359.2577208043,7973.592577208043,1.0,1444.7138387694565
100,200,0.5,2,1.0,0.08,13,1000,790434.5763897304,7904.345763897304,1.0,1392.1149181324568
100,200,0.5,2,1.0,0.08,14,1000,786587.9524719791,7865.87952471979,1.0,1362.0410303927713
100,200,0.5,2,1.0,0.08,15,1000,772855.8027217174,7728.558027217174,1.0,1336.5722397099462
100,200,0.5,2,1.0,0.08,16,1000,786875.3626254034,7868.753626254034,1.0,1385.283870909087
100,200,0.5,2,1.0,0.08,17,1000,789689.7763420051,7896.897763420051,1.0,1380.5040167981049
100,200,0.5,2,1.0,0.08,18,1000,786986.0451262769,7869.860451262769,1.0,1389.2815516540218
100,200,0.5,2,1.0,0.08,19,1000,782225.0702627042,7822.250702627041,1.0,1423.2771544025472
100,200,0.5,2,1.0,0.08,20,1000,789279.718476177,7892.79718476177,1.0,1368.5252792184165
100,200,0.5,2,1.0,0.08,21,1000,787951.4470704609,7879.514470704609,1.0,1409.539238886662
100,200,0.5,2,1.0,0.08,22,1000,788905.2905194191,7889.052905194191,1.0,1462.4839393258007
100,200,0.5,2,1.0,0.08,23,1000,792709.5843656389,7927.095843656389,1.0,1375.399592870351
100,200,0.5,2,1.0,0.08,24,1000,781610.6978111101,7816.106978111101,1.0,1353.7497779055127
100,200,0.5,2,1.0,0.08,25,1000,799386.0640958485,7993.8606409584845,1.0,1467.151496297824
100,200,0.5,2,1.0,0.08,26,1000,779575.1662729671,7795.751662729671,1.0,1369.3778486188955
100,200,0.5,2,1.0,0.08,27,1000,782282.2656189925,7822.822656189925,1.0,1394.4823674699041
100,200,0.5,2,1.0,0.08,28,1000,786212.1419723987,7862.121419723987,1.0,1362.281491146587
100,200,0.5,2,1.0,0.08,29,1000,787866.3543742504,7878.663543742504,1.0,1394.7015305209084
100,200,0.5,2,1.0,0.08,30,1000,791372.821177549,7913.728211775489,1.0,1399.1154768433282
100,200,0.5,2,1.0,0.08,31,1000,787908.3238300518,7879.083238300518,1.0,1402.3484967483498
100,200,0.5,2,1.0,0.08,32,1000,791830.1443380768,7918.301443380768,1.0,1446.1844124567876
100,200,0.5,2,1.0,0.08,33,1000,792357.8125253303,7923.578125253303,1.0,1401.6322539251912
100,200,0.5,2,1.0,0.08,34,1000,789988.9549497615,7899.889549497615,1.0,1383.4933818345105
100,200,0.5,2,1.0,0.08,35,1000,789235.4029364383,7892.354029364384,1.0,1459.8852829323464
100,200,0.5,2,1.0,0.08,36,1000,789103.7307251854,7891.037307251853,1.0,1358.237926652559
100,200,0.5,2,1.0,0.08,37,1000,782231.052981896,7822.310529818959,1.0,1378.362601839879
100,200,0.5,2,1.0,0.08,38,1000,785023.8370594111,7850.238370594111,1.0,1291.63351532821
100,200,0.5,2,1.0,0.08,39,1000,782773.4150260837,7827.734150260837,1.0,1389.0248121190052
100,200,0.5,2,1.0,0.08,40,1000,783541.5478154742,7835.415478154742,1.0,1364.34546410049
100,200,0.5,2,1.0,0.08,41,1000,772705.198770145,7727.051987701449,1.0,1351.6216580588662
100,200,0.5,2,1.0,0.08,42,1000,787477.3022231299,7874.773022231299,1.0,1389.5188951851858
100,200,0.5,2,1.0,0.08,43,1000,784601.3526651756,7846.0135266517555,1.0,1413.6625328127473
100,200,0.5,2,1.0,0.08,44,1000,790185.4992722804,7901.854992722804,1.0,1365.9560751530285
100,200,0.5,2,1.0,0.08,45,1000,794005.384798667,7940.05384798667,1.0,1461.9785721689548
100,200,0.5,2,1.0,0.08,46,1000,782259.9766393439,7822.599766393439,1.0,1399.7694072344432
100,200,0.5,2,1.0,0.08,47,1000,787962.9984546499,7879.629984546499,1.0,1360.1816815292198
100,200,0.5,2,1.0,0.08,48,1000,786180.6606645782,7861.806606645782,1.0,1385.7190024253216
100,200,0.5,2,1.0,0.08,49,1000,784338.1610335566,7843.381610335566,1.0,1401.8777003450239
100,200,0.5,2,1.0,0.09,0,1000,778409.2652481903,7784.092652481902,1.0,1344.0582626381129
100,200,0.5,2,1.0,0.09,1,1000,777944.721440326,7779.44721440326,1.0,1328.4038047564304
100,200,0.5,2,1.0,0.09,2,1000,788009.029115676,7880.090291156759,1.0,1399.1380927430807
100,200,0.5,2,1.0,0.09,3,1000,789201.7160790507,7892.017160790507,1.0,1358.4169155222291
100,200,0.5,2,1.0,0.09,4,1000,779606.9597413414,7796.069597413414,1.0,1378.2828157351885
100,200,0.5,2,1.0,0.09,5,1000,779921.6990131382,7799.216990131382,1.0,1340.4244506641292
100,200,0.5,2,1.0,0.09,6,1000,783845.3697182774,7838.453697182774,1.0,1424.0066718443177
100,200,0.5,2,1.0,0.09,7,1000,780355.6976495226,7803.556976495226,1.0,1395.1057216786373
100,200,0.5,2,1.0,0.09,8,1000,786935.198229762,7869.35198229762,1.0,1414.8619249348908
100,200,0.5,2,1.0,0.09,9,1000,781117.7905813203,7811.177905813203,1.0,1316.0576737887131
100,200,0.5,2,1.0,0.09,10,1000,788141.9605498492,7881.419605498492,1.0,1386.307727505638
100,200,0.5,2,1.0,0.09,11,1000,781737.621571119,7817.37621571119,1.0,1359.7150416190177
100,200,0.5,2,1.0,0.09,12,1000,787054.496943371,7870.54496943371,1.0,1361.3779486641952
100,200,0.5,2,1.0,0.09,13,1000,787137.0917098097,7871.370917098097,1.0,1413.5422802737926
100,200,0.5,2,1.0,0.09,14,1000,782874.668930085,7828.74668930085,1.0,1367.1329025031591
100,200,0.5,2,1.0,0.09,15,1000,781224.3580881999,7812.243580881998,1.0,1350.3094611294507
100,200,0.5,2,1.0,0.09,16,1000,787748.6381969027,7877.486381969027,1.0,1382.1676748498498
100,200,0.5,2,1.0,0.09,17,1000,779818.8994892375,7798.1889948923745,1.0,1366.436975157821
100,200,0.5,2,1.0,0.09,18,1000,779437.1844954566,7794.371844954567,1.0,1357.8107073296464
100,200,0.5,2,1.0,0.09,19,1000,775790.5038845548,7757.905038845548,1.0,1349.94926318882
100,200,0.5,2,1.0,0.09,20,1000,775279.5871841761,7752.795871841761,1.0,1362.8375985734406
100,200,0.5,2,1.0,0.09,21,1000,783487.8240457873,7834.878240457873,1.0,1344.7151063534204
100,200,0.5,2,1.0,0.09,22,1000,785082.3013737058,7850.823013737058,1.0,1350.2845857286202
100,200,0.5,2,1.0,0.09,23,1000,786009.057989064,7860.090579890641,1.0,1371.5660643173715
100,200,0.5,2,1.0,0.09,24,1000,779241.9433167665,7792.419433167665,1.0,1297.0237189605498
100,200,0.5,2,1.0,0.09,25,1000,775942.8353616104,7759.428353616104,1.0,1348.9238685727344
100,200,0.5,2,1.0,0.09,26,1000,774692.648487,7746.92648487,1.0,1347.457834333384
100,200,0.5,2,1.0,0.09,27,1000,781067.1855049744,7810.671855049744,1.0,1397.816035120208
100,200,0.5,2,1.0,0.09,28,1000,771069.9819100345,7710.699819100346,1.0,1329.1229746738165
100,200,0.5,2,1.0,0.09,29,1000,776763.6335739495,7767.636335739495,1.0,1277.648416903659
100,200,0.5,2,1.0,0.09,30,1000,783613.6714035342,7836.136714035342,1.0,1401.1042947857961
100,200,0.5,2,1.0,0.09,31,1000,778126.3550527412,7781.263550527412,1.0,1293.6663843318356
100,200,0.5,2,1.0,0.09,32,1000,780711.3522174915,7807.113522174915,1.0,1332.604195864241
100,200,0.5,2,1.0,0.09,33,1000,784448.0978938448,7844.480978938448,1.0,1397.6930044371006
100,200,0.5,2,1.0,0.09,34,1000,785763.3347294444,7857.633347294443,1.0,1344.5198517344686
100,200,0.5,2,1.0,0.09,35,1000,782027.1706847367,7820.271706847367,1.0,1324.9015013997998
100,200,0.5,2,1.0,0.09,36,1000,787686.2862218793,7876.862862218793,1.0,1410.2732354529385
100,200,0.5,2,1.0,0.09,37,1000,785898.6961518497,7858.986961518497,1.0,1371.2790926889215
100,200,0.5,2,1.0,0.09,38,1000,779703.8736948492,7797.038736948492,1.0,1387.6880561440796
100,200,0.5,2,1.0,0.09,39,1000,779076.5455975572,7790.765455975572,1.0,1381.4121888663242
100,200,0.5,2,1.0,0.09,40,1000,779387.0198937142,7793.870198937142,1.0,1346.731666954767
100,200,0.5,2,1.0,0.09,41,1000,787194.7475225644,7871.947475225644,1.0,1361.60664916454
100,200,0.5,2,1.0,0.09,42,1000,780258.992569946,7802.58992569946,1.0,1361.3982471214422
100,200,0.5,2,1.0,0.09,43,1000,780200.6448071491,7802.006448071491,1.0,1348.1773224910733
100,200,0.5,2,1.0,0.09,44,1000,783068.9197857259,7830.6891978572585,1.0,1361.375344531257
100,200,0.5,2,1.0,0.09,45,1000,782717.2608725781,7827.172608725781,1.0,1406.1168892116536
100,200,0.5,2,1.0,0.09,46,1000,781999.7441901484,7819.997441901484,1.0,1379.2420126335082
100,200,0.5,2,1.0,0.09,47,1000,776385.9666109519,7763.859666109519,1.0,1317.679806729986
100,200,0.5,2,1.0,0.09,48,1000,777844.6630085703,7778.446630085703,1.0,1340.905585407439
100,200,0.5,2,1.0,0.09,49,1000,778262.4709558515,7782.624709558515,1.0,1374.797389179749
100,200,0.5,2,1.0,0.1,0,1000,770470.4488321247,7704.7044883212475,1.0,1319.193408298283
100,200,0.5,2,1.0,0.1,1,1000,772192.2895197701,7721.922895197701,1.0,1319.924787927292
100,200,0.5,2,1.0,0.1,2,1000,780722.4731827948,7807.224731827948,1.0,1387.7273468148944
100,200,0.5,2,1.0,0.1,3,1000,770862.9303594605,7708.6293035946055,1.0,1293.9841068054252
100,200,0.5,2,1.0,0.1,4,1000,774843.6666321469,7748.43666632147,1.0,1359.0361083468858
100,200,0.5,2,1.0,0.1,5,1000,769826.1063682629,7698.261063682629,1.0,1284.4429642229316
100,200,0.5,2,1.0,0.1,6,1000,774834.5728872516,7748.345728872516,1.0,1325.3597773789543
100,200,0.5,2,1.0,0.1,7,1000,772008.6195420746,7720.086195420747,1.0,1290.03903981885
100,200,0.5,2,1.0,0.1,8,1000,772538.3191022318,7725.383191022318,1.0,1296.7527511980456
100,200,0.5,2,1.0,0.1,9,1000,776851.3240007844,7768.513240007845,1.0,1309.9450234161375
100,200,0.5,2,1.0,0.1,10,1000,776160.9281272969,7761.6092812729685,1.0,1370.339955617997
100,200,0.5,2,1.0,0.1,11,1000,762797.6845325778,7627.9768453257775,1.0,1251.2199981198044
100,200,0.5,2,1.0,0.1,12,1000,773244.7088795195,7732.447088795195,1.0,1272.8369177755935
100,200,0.5,2,1.0,0.1,13,1000,770041.6257366951,7700.416257366951,1.0,1356.8352786274543
100,200,0.5,2,1.0,0.1,14,1000,776857.7362865562,7768.5773628655625,1.0,1342.0326243283025
100,200,0.5,2,1.0,0.1,15,1000,771959.0099998794,7719.590099998794,1.0,1345.5218717728574
100,200,0.5,2,1.0,0.1,16,1000,777249.3023023373,7772.493023023372,1.0,1343.5056700775133
100,200,0.5,2,1.0,0.1,17,1000,774615.8639204457,7746.158639204456,1.0,1294.6042870639485
100,200,0.5,2,1.0,0.1,18,1000,775710.2454634157,7757.102454634158,1.0,1294.1689611581753
100,200,0.5,2,1.0,0.1,19,1000,774957.5961905605,7749.575961905605,1.0,1348.9573606232007
100,200,0.5,2,1.0,0.1,20,1000,775991.4343032701,7759.9143430327,1.0,1312.7617470280434
100,200,0.5,2,1.0,0.1,21,1000,777269.1647570125,7772.6916475701255,1.0,1290.489381328019
100,200,0.5,2,1.0,0.1,22,1000,783336.7988737143,7833.367988737143,1.0,1357.9302295491239
100,200,0.5,2,1.0,0.1,23,1000,785886.481344949,7858.86481344949,1.0,1381.6746838667118
100,200,0.5,2,1.0,0.1,24,1000,775497.0576144486,7754.970576144486,1.0,1305.8506185795916
100,200,0.5,2,1.0,0.1,25,1000,776120.1186155729,7761.201186155729,1.0,1365.9761852640033
100,200,0.5,2,1.0,0.1,26,1000,770360.789178065,7703.60789178065,1.0,1320.19407059692
100,200,0.5,2,1.0,0.1,27,1000,783669.2231632853,7836.692231632853,1.0,1432.1625511329103
100,200,0.5,2,1.0,0.1,28,1000,784269.158946497,7842.69158946497,1.0,1365.794651534326
100,200,0.5,2,1.0,0.1,29,1000,773669.530813337,7736.6953081333695,1.0,1321.8812910501636
100,200,0.5,2,1.0,0.1,30,1000,781119.2310037105,7811.192310037105,1.0,1376.0345214010997
100,200,0.5,2,1.0,0.1,31,1000,773062.7397244613,7730.627397244613,1.0,1302.1383562528376
100,200,0.5,2,1.0,0.1,32,1000,775153.2968359247,7751.532968359247,1.0,1337.187744297906
100,200,0.5,2,1.0,0.1,33,1000,773175.3471604615,7731.753471604615,1.0,1356.5967367656933
100,200,0.5,2,1.0,0.1,34,1000,780596.3657449029,7805.963657449029,1.0,1394.1909388640402
100,200,0.5,2,1.0,0.1,35,1000,774099.9577919464,7740.999577919463,1.0,1301.6453954137264
100,200,0.5,2,1.0,0.1,36,1000,771074.5533540708,7710.745533540708,1.0,1314.7703998861755
100,200,0.5,2,1.0,0.1,37,1000,778811.4625568136,7788.114625568136,1.0,1360.0237942156898
100,200,0.5,2,1.0,0.1,38,1000,779372.5622284667,7793.725622284667,1.0,1335.801238504267
100,200,0.5,2,1.0,0.1,39,1000,774053.5386949534,7740.535386949534,1.0,1266.935382266006
100,200,0.5,2,1.0,0.1,40,1000,772818.8804297518,7728.188804297518,1.0,1372.668095350998
100,200,0.5,2,1.0,0.1,41,1000,771539.7796147312,7715.397796147312,1.0,1295.6938509419342
100,200,0.5,2,1.0,0.1,42,1000,772830.0699672074,7728.300699672074,1.0,1348.906080315109
100,200,0.5,2,1.0,0.1,43,1000,778003.7748008966,7780.037748008966,1.0,1332.7829781713826
100,200,0.5,2,1.0,0.1,44,1000,771429.8103793935,7714.298103793935,1.0,1327.4963420413285
100,200,0.5,2,1.0,0.1,45,1000,777712.7785229898,7777.127785229898,1.0,1347.9673273092499
100,200,0.5,2,1.0,0.1,46,1000,780390.8682531673,7803.908682531673,1.0,1378.0423448481201
100,200,0.5,2,1.0,0.1,47,1000,767475.8113675195,7674.758113675195,1.0,1252.2909996177468
100,200,0.5,2,1.0,0.1,48,1000,775951.538619669,7759.51538619669,1.0,1296.9194285103376
100,200,0.5,2,1.0,0.1,49,1000,772001.0889236168,7720.010889236168,1.0,1332.433740626842
100,200,0.5,2,1.0,0.12,0,1000,770528.4843319757,7705.284843319757,1.0,1258.9560639853387
100,200,0.5,2,1.0,0.12,1,1000,763464.1759302324,7634.641759302324,1.0,1225.0335254659994
100,200,0.5,2,1.0,0.12,2,1000,763951.5953430195,7639.515953430195,1.0,1288.5511645104239
100,200,0.5,2,1.0,0.12,3,1000,770184.4541612945,7701.844541612945,1.0,1284.033687677024
100,200,0.5,2,1.0,0.12,4,1000,768606.464019421,7686.06464019421,1.0,1207.3173328481655
100,200,0.5,2,1.0,0.12,5,1000,763217.6512315152,7632.176512315153,1.0,1226.2790001600852
100,200,0.5,2,1.0,0.12,6,1000,764252.8719749025,7642.528719749024,1.0,1242.7869721776242
100,200,0.5,2,1.0,0.12,7,1000,763285.1804379876,7632.851804379876,1.0,1287.4205572482522
100,200,0.5,2,1.0,0.12,8,1000,764003.791525446,7640.03791525446,1.0,1333.4902237344575
100,200,0.5,2,1.0,0.12,9,1000,769103.5749815656,7691.035749815655,1.0,1283.0978235366008
100,200,0.5,2,1.0,0.12,10,1000,773226.5717673894,7732.265717673894,1.0,1282.7442776105675
100,200,0.5,2,1.0,0.12,11,1000,763712.0013754057,7637.120013754057,1.0,1223.2530727139167
100,200,0.5,2,1.0,0.12,12,1000,771565.1917103552,7715.6519171035525,1.0,1334.1806727519363
100,200,0.5,2,1.0,0.12,13,1000,768216.1180281942,7682.161180281942,1.0,1238.6354508439213
100,200,0.5,2,1.0,0.12,14,1000,764047.6159207077,7640.476159207077,1.0,1283.6038069206716
100,200,0.5,2,1.0,0.12,15,1000,766849.4011919403,7668.494011919403,1.0,1231.6221422905526
100,200,0.5,2,1.0,0.12,16,1000,765483.4872408309,7654.834872408309,1.0,1245.126670810787
100,200,0.5,2,1.0,0.12,17,1000,763844.4765691312,7638.444765691313,1.0,1207.734480602666
100,200,0.5,2,1.0,0.12,18,1000,761964.9725488961,7619.649725488961,1.0,1268.304581141815
100,200,0.5,2,1.0,0.12,19,1000,761132.8142949564,7611.328142949564,1.0,1178.6145833483097
100,200,0.5,2,1.0,0.12,20,1000,769599.058406519,7695.99058406519,1.0,1277.3599691516113
100,200,0.5,2,1.0,0.12,21,1000,769919.1165000768,7699.191165000769,1.0,1316.42764624942
100,200,0.5,2,1.0,0.12,22,1000,768605.4871102691,7686.054871102691,1.0,1238.7303062641079
100,200,0.5,2,1.0,0.12,23,1000,756571.4791145006,7565.714791145006,1.0,1212.3939365854606
100,200,0.5,2,1.0,0.12,24,1000,757083.347764371,7570.83347764371,1.0,1192.5384981564662
100,200,0.5,2,1.0,0.12,25,1000,760670.005768369,7606.70005768369,1.0,1238.969230846686
100,200,0.5,2,1.0,0.12,26,1000,754068.4611217214,7540.684611217214,1.0,1197.4905187690158
100,200,0.5,2,1.0,0.12,27,1000,760209.5596333661,7602.095596333661,1.0,1200.5214311589464
100,200,0.5,2,1.0,0.12,28,1000,759703.7135819792,7597.037135819792,1.0,1191.1797755989146
100,200,0.5,2,1.0,0.12,29,1000,764336.6900243628,7643.366900243627,1.0,1266.8153031689783
100,200,0.5,2,1.0,0.12,30,1000,763968.1933850449,7639.681933850449,1.0,1256.6079785021093
100,200,0.5,2,1.0,0.12,31,1000,758707.8532165198,7587.078532165198,1.0,1234.054611134631
100,200,0.5,2,1.0,0.12,32,1000,764822.2733001311,7648.222733001311,1.0,1285.644691534323
100,200,0.5,2,1.0,0.12,33,1000,770253.5784250529,7702.535784250529,1.0,1355.267293304933
100,200,0.5,2,1.0,0.12,34,1000,764667.5626603403,7646.6756266034035,1.0,1225.3286166169298
100,200,0.5,2,1.0,0.12,35,1000,770685.2206167312,7706.852206167312,1.0,1257.8547620706656
100,200,0.5,2,1.0,0.12,36,1000,766992.9253026036,7669.929253026036,1.0,1282.2639269330257
100,200,0.5,2,1.0,0.12,37,1000,769013.106232457,7690.13106232457,1.0,1267.890941458323
100,200,0.5,2,1.0,0.12,38,1000,766659.7972469702,7666.597972469703,1.0,1310.7688158748554
100,200,0.5,2,1.0,0.12,39,1000,768361.4745566974,7683.614745566974,1.0,1254.1726583114064
100,200,0.5,2,1.0,0.12,40,1000,769041.6361044933,7690.416361044933,1.0,1291.3619320991684
100,200,0.5,2,1.0,0.12,41,1000,764605.8131198016,7646.058131198016,1.0,1244.3138703873576
100,200,0.5,2,1.0,0.12,42,1000,768162.6244778734,7681.626244778734,1.0,1245.6002986846686
100,200,0.5,2,1.0,0.12,43,1000,767861.9545606881,7678.619545606881,1.0,1276.6635474087666
100,200,0.5,2,1.0,0.12,44,1000,763629.8571865018,7636.298571865019,1.0,1244.254949665965
100,200,0.5,2,1.0,0.12,45,1000,767084.7636801535,7670.847636801535,1.0,1246.8467560944598
100,200,0.5,2,1.0,0.12,46,1000,758489.7743414501,7584.897743414501,1.0,1230.9093250384058
100,200,0.5,2,1.0,0.12,47,1000,764991.2628492527,7649.912628492527,1.0,1267.0236944646858
100,200,0.5,2,1.0,0.12,48,1000,772759.0388431351,7727.590388431351,1.0,1345.4976965088904
100,200,0.5,2,1.0,0.12,49,1000,759485.22628117,7594.852262811701,1.0,1282.2442623093414
100,200,0.5,2,1.0,0.14,0,1000,759534.7486162216,7595.347486162216,1.0,1210.445513778835
100,200,0.5,2,1.0,0.14,1,1000,752589.4900472175,7525.894900472174,1.0,1172.2926668285343
100,200,0.5,2,1.0,0.14,2,1000,745326.2889418566,7453.2628894185655,1.0,1144.0275074381016
100,200,0.5,2,1.0,0.14,3,1000,749914.4037517045,7499.144037517045,1.0,1215.4820572073386
100,200,0.5,2,1.0,0.14,4,1000,751302.941926614,7513.02941926614,1.0,1161.548300196462
100,200,0.5,2,1.0,0.14,5,1000,749581.0733155402,7495.810733155402,1.0,1160.6603117994187
100,200,0.5,2,1.0,0.14,6,1000,751694.588419101,7516.94588419101,1.0,1199.1538725118278
100,200,0.5,2,1.0,0.14,7,1000,746407.6691877804,7464.076691877804,1.0,1193.782624967295
100,200,0.5,2,1.0,0.14,8,1000,751379.2071783444,7513.792071783444,1.0,1152.3252115355972
100,200,0.5,2,1.0,0.14,9,1000,754230.9223812319,7542.309223812319,1.0,1165.9250614926116
100,200,0.5,2,1.0,0.14,10,1000,754856.4517636851,7548.564517636851,1.0,1191.6104302312451
100,200,0.5,2,1.0,0.14,11,1000,756183.3818133541,7561.833818133541,1.0,1187.0080499112905
100,200,0.5,2,1.0,0.14,12,1000,762580.6873410012,7625.8068734100125,1.0,1217.8327878366683
100,200,0.5,2,1.0,0.14,13,1000,755069.6825229863,7550.696825229863,1.0,1217.7637146755087
100,200,0.5,2,1.0,0.14,14,1000,759582.1384596772,7595.821384596772,1.0,1220.0701812256634
100,200,0.5,2,1.0,0.14,15,1000,748649.0506043319,7486.490506043319,1.0,1169.2407217168127
100,200,0.5,2,1.0,0.14,16,1000,756077.393352159,7560.773933521589,1.0,1191.0841731443518
100,200,0.5,2,1.0,0.14,17,1000,752507.4469098236,7525.074469098236,1.0,1112.1689576793574
100,200,0.5,2,1.0,0.14,18,1000,749778.359702825,7497.7835970282495,1.0,1147.3501093498214
100,200,0.5,2,1.0,0.14,19,1000,753520.5471752866,7535.205471752865,1.0,1157.2090517260087
100,200,0.5,2,1.0,0.14,20,1000,753912.0727317014,7539.120727317014,1.0,1165.2420605146447
100,200,0.5,2,1.0,0.14,21,1000,753686.3539389309,7536.863539389309,1.0,1229.000509370245
100,200,0.5,2,1.0,0.14,22,1000,759679.7639011056,7596.797639011056,1.0,1241.2236385981096
100,200,0.5,2,1.0,0.14,23,1000,748332.674338764,7483.326743387641,1.0,1161.427837694793
100,200,0.5,2,1.0,0.14,24,1000,748097.4889711663,7480.974889711663,1.0,1156.0254642549435
100,200,0.5,2,1.0,0.14,25,1000,749454.5054777276,7494.545054777276,1.0,1119.747451993446
100,200,0.5,2,1.0,0.14,26,1000,750757.6366172895,7507.576366172895,1.0,1197.1573777012718
100,200,0.5,2,1.0,0.14,27,1000,753489.643788892,7534.8964378889195,1.0,1210.1288768689105
100,200,0.5,2,1.0,0.14,28,1000,755207.3694039788,7552.073694039788,1.0,1198.260174838682
100,200,0.5,2,1.0,0.14,29,1000,750479.7573217178,7504.797573217178,1.0,1148.3367143108335
100,200,0.5,2,1.0,0.14,30,1000,750216.4023136192,7502.164023136192,1.0,1191.3424285522972
100,200,0.5,2,1.0,0.14,31,1000,747185.2951107662,7471.852951107662,1.0,1159.200100143583
100,200,0.5,2,1.0,0.14,32,1000,757375.194164477,7573.75194164477,1.0,1202.8543702787024
100,200,0.5,2,1.0,0.14,33,1000,754198.804229411,7541.98804229411,1.0,1158.314703331653
100,200,0.5,2,1.0,0.14,34,1000,754235.4604430103,7542.354604430103,1.0,1217.716303716764
100,200,0.5,2,1.0,0.14,35,1000,755976.3853535214,7559.763853535214,1.0,1198.2665760443203
100,200,0.5,2,1.0,0.14,36,1000,759742.0450715022,7597.4204507150225,1.0,1207.8449603080646
100,200,0.5,2,1.0,0.14,37,1000,752769.4301139333,7527.694301139333,1.0,1204.4529036080266
100,200,0.5,2,1.0,0.14,38,1000,755631.8836420964,7556.3188364209645,1.0,1182.0110524812862
100,200,0.5,2,1.0,0.14,39,1000,753438.146237459,7534.38146237459,1.0,1206.1192182792604
100,200,0.5,2,1.0,0.14,40,1000,756941.1593285449,7569.411593285448,1.0,1174.471396620398
100,200,0.5,2,1.0,0.14,41,1000,754077.0960249216,7540.770960249216,1.0,1190.7857041998154
100,200,0.5,2,1.0,0.14,42,1000,746490.0883129806,7464.900883129806,1.0,1101.7763515503434
100,200,0.5,2,1.0,0.14,43,1000,749904.9086079404,7499.049086079404,1.0,1165.0797142438698
100,200,0.5,2,1.0,0.14,44,1000,746880.2038590147,7468.802038590146,1.0,1109.0941728738367
100,200,0.5,2,1.0,0.14,45,1000,749032.852569582,7490.328525695821,1.0,1210.6022624421869
100,200,0.5,2,1.0,0.14,46,1000,750635.9259750056,7506.3592597500565,1.0,1189.138055916088
100,200,0.5,2,1.0,0.14,47,1000,752016.2512145725,7520.162512145725,1.0,1149.0619841021714
100,200,0.5,2,1.0,0.14,48,1000,756014.7107038923,7560.1471070389225,1.0,1188.3171872139617
100,200,0.5,2,1.0,0.14,49,1000,748905.2179868466,7489.052179868466,1.0,1133.8669147257744
100,200,0.5,2,1.0,0.16,0,1000,736072.7824103897,7360.727824103898,1.0,1089.8357502981203
100,200,0.5,2,1.0,0.16,1,1000,739216.7064358589,7392.1670643585885,1.0,1089.134517151315
100,200,0.5,2,1.0,0.16,2,1000,734411.0571055693,7344.110571055693,1.0,1053.8770739438796
100,200,0.5,2,1.0,0.16,3,1000,741880.9553568192,7418.809553568192,1.0,1163.4286164370715
100,200,0.5,2,1.0,0.16,4,1000,733672.7226175229,7336.72722617523,1.0,1036.7758576350789
100,200,0.5,2,1.0,0.16,5,1000,737142.588227534,7371.42588227534,1.0,1120.5582009041855
100,200,0.5,2,1.0,0.16,6,1000,739569.0440227505,7395.690440227505,1.0,1139.0123974495611
100,200,0.5,2,1.0,0.16,7,1000,739528.481746857,7395.2848174685705,1.0,1154.498879768206
100,200,0.5,2,1.0,0.16,8,1000,739603.4383310073,7396.034383310072,1.0,1052.2293408155335
100,200,0.5,2,1.0,0.16,9,1000,741022.0666588183,7410.220666588183,1.0,1072.1480306930412
100,200,0.5,2,1.0,0.16,10,1000,737045.8898955456,7370.458898955456,1.0,1103.8434158678922
100,200,0.5,2,1.0,0.16,11,1000,740469.6208810301,7404.696208810301,1.0,1103.2021264301877
100,200,0.5,2,1.0,0.16,12,1000,734888.2045257267,7348.882045257267,1.0,1049.9868346253277
100,200,0.5,2,1.0,0.16,13,1000,736226.0460889125,7362.260460889125,1.0,1081.346048387659
100,200,0.5,2,1.0,0.16,14,1000,745134.7596012105,7451.347596012105,1.0,1085.3939824054712
100,200,0.5,2,1.0,0.16,15,1000,735284.1664538571,7352.8416645385705,1.0,1077.908744696093
100,200,0.5,2,1.0,0.16,16,1000,735470.176572743,7354.70176572743,1.0,1067.793865357584
100,200,0.5,2,1.0,0.16,17,1000,740859.897987911,7408.59897987911,1.0,1101.5806710172728
100,200,0.5,2,1.0,0.16,18,1000,743074.9805720871,7430.749805720871,1.0,1101.1809617484892
100,200,0.5,2,1.0,0.16,19,1000,741585.2911187422,7415.852911187422,1.0,1129.3629032875835
100,200,0.5,2,1.0,0.16,20,1000,746919.7702703167,7469.197702703167,1.0,1155.9044159984762
100,200,0.5,2,1.0,0.16,21,1000,736803.7820998023,7368.037820998023,1.0,1080.9476975880766
100,200,0.5,2,1.0,0.16,22,1000,739411.7800279023,7394.117800279023,1.0,1094.9020619124956
100,200,0.5,2,1.0,0.16,23,1000,736878.1214223919,7368.781214223918,1.0,1083.0429538597482
100,200,0.5,2,1.0,0.16,24,1000,744142.1380414814,7441.421380414814,1.0,1088.728004156148
100,200,0.5,2,1.0,0.16,25,1000,739640.2443725297,7396.4024437252965,1.0,1099.0281222249303
100,200,0.5,2,1.0,0.16,26,1000,738837.6479845009,7388.376479845008,1.0,1085.0738974258747
100,200,0.5,2,1.0,0.16,27,1000,738493.9770561244,7384.939770561244,1.0,1154.6230475186258
100,200,0.5,2,1.0,0.16,28,1000,740867.0005730614,7408.670005730614,1.0,1046.717322818121
100,200,0.5,2,1.0,0.16,29,1000,743192.8518113281,7431.928518113281,1.0,1112.7552656856403
100,200,0.5,2,1.0,0.16,30,1000,736625.9894574232,7366.259894574232,1.0,1076.7011392157685
100,200,0.5,2,1.0,0.16,31,1000,739419.170785426,7394.19170785426,1.0,1080.9368154627564
100,200,0.5,2,1.0,0.16,32,1000,736626.0852494505,7366.260852494505,1.0,1062.4713331375779
100,200,0.5,2,1.0,0.16,33,1000,739163.4843285736,7391.634843285736,1.0,1092.0517750667075
100,200,0.5,2,1.0,0.16,34,1000,730740.3024347445,7307.403024347445,1.0,1097.0165967464225
100,200,0.5,2,1.0,0.16,35,1000,739429.1009103241,7394.291009103242,1.0,1073.4984877274123
100,200,0.5,2,1.0,0.16,36,1000,740690.8979206741,7406.908979206741,1.0,1104.013925315777
100,200,0.5,2,1.0,0.16,37,1000,729918.9573991045,7299.189573991045,1.0,1064.487629039125
100,200,0.5,2,1.0,0.16,38,1000,735836.5059734393,7358.365059734393,1.0,1053.1839186962713
100,200,0.5,2,1.0,0.16,39,1000,730261.147784339,7302.61147784339,1.0,1039.7535215908476
100,200,0.5,2,1.0,0.16,40,1000,744856.7962873927,7448.567962873927,1.0,1099.043561944131
100,200,0.5,2,1.0,0.16,41,1000,738594.8888851325,7385.948888851325,1.0,1080.042443562253
100,200,0.5,2,1.0,0.16,42,1000,737175.5301749232,7371.755301749233,1.0,1083.4653885791367
100,200,0.5,2,1.0,0.16,43,1000,740154.9534833089,7401.549534833089,1.0,1120.1189963185002
100,200,0.5,2,1.0,0.16,44,1000,744414.5842863421,7444.145842863421,1.0,1095.9675558022827
100,200,0.5,2,1.0,0.16,45,1000,745539.8910751258,7455.398910751258,1.0,1126.9706908015146
100,200,0.5,2,1.0,0.16,46,1000,741889.7342150979,7418.897342150978,1.0,1125.6158102910422
100,200,0.5,2,1.0,0.16,47,1000,743395.9851447942,7433.959851447942,1.0,1148.1301268997258
100,200,0.5,2,1.0,0.16,48,1000,744233.1000905879,7442.331000905879,1.0,1118.4224515840326
100,200,0.5,2,1.0,0.16,49,1000,741024.9388470164,7410.249388470164,1.0,1088.9865470174584
100,200,0.5,2,1.0,0.18,0,1000,722874.1209269674,7228.741209269673,1.0,984.4538611904528
100,200,0.5,2,1.0,0.18,1,1000,728846.8526544842,7288.4685265448425,1.0,1020.9762099972461
100,200,0.5,2,1.0,0.18,2,1000,724024.4195335697,7240.244195335697,1.0,1044.6263732708815
100,200,0.5,2,1.0,0.18,3,1000,729594.1964365165,7295.9419643651645,1.0,1022.5325413466741
100,200,0.5,2,1.0,0.18,4,1000,729860.1655404023,7298.6016554040225,1.0,997.9005469526385
100,200,0.5,2,1.0,0.18,5,1000,724960.2868984587,7249.602868984587,1.0,986.4554383816321
100,200,0.5,2,1.0,0.18,6,1000,723293.2298343169,7232.932298343168,1.0,1034.0561024742535
100,200,0.5,2,1.0,0.18,7,1000,726694.7632838878,7266.947632838877,1.0,1023.5199954816776
100,200,0.5,2,1.0,0.18,8,1000,723677.9089726105,7236.779089726105,1.0,1010.5574780164089
100,200,0.5,2,1.0,0.18,9,1000,726447.2154362,7264.472154362,1.0,1016.3628410950946
100,200,0.5,2,1.0,0.18,10,1000,726774.7238133658,7267.747238133658,1.0,1032.1733493373843
100,200,0.5,2,1.0,0.18,11,1000,722654.3450031347,7226.543450031347,1.0,987.2046156386988
100,200,0.5,2,1.0,0.18,12,1000,720457.5128506423,7204.575128506423,1.0,946.2786233309835
100,200,0.5,2,1.0,0.18,13,1000,727654.7837727336,7276.547837727337,1.0,1009.16961081509
100,200,0.5,2,1.0,0.18,14,1000,724106.6215649227,7241.066215649227,1.0,990.8636841344967
100,200,0.5,2,1.0,0.18,15,1000,726988.958706951,7269.88958706951,1.0,996.8481524329771
100,200,0.5,2,1.0,0.18,16,1000,724619.5280828476,7246.195280828476,1.0,1021.70354819332
100,200,0.5,2,1.0,0.18,17,1000,724973.9488941157,7249.739488941157,1.0,985.9863382459672
100,200,0.5,2,1.0,0.18,18,1000,727345.2044375305,7273.4520443753045,1.0,1028.2027532369218
100,200,0.5,2,1.0,0.18,19,1000,728104.075110504,7281.040751105041,1.0,1019.5843767751572
100,200,0.5,2,1.0,0.18,20,1000,729208.7459609329,7292.087459609329,1.0,1049.8259100006737
100,200,0.5,2,1.0,0.18,21,1000,728221.3950215044,7282.213950215044,1.0,1011.6830546743972
100,200,0.5,2,1.0,0.18,22,1000,721126.8117040948,7211.268117040948,1.0,982.0675813623271
100,200,0.5,2,1.0,0.18,23,1000,728494.0512054889,7284.940512054888,1.0,1019.1374827348006
100,200,0.5,2,1.0,0.18,24,1000,721885.4717773031,7218.854717773032,1.0,987.4611657228636
100,200,0.5,2,1.0,0.18,25,1000,733901.0610611043,7339.010610611043,1.0,1059.8860506910962
100,200,0.5,2,1.0,0.18,26,1000,726810.3615502897,7268.103615502897,1.0,988.6512976186101
100,200,0.5,2,1.0,0.18,27,1000,720972.399614365,7209.72399614365,1.0,963.2023267617068
100,200,0.5,2,1.0,0.18,28,1000,725964.4835834504,7259.644835834504,1.0,1012.8408257829693
100,200,0.5,2,1.0,0.18,29,1000,722863.0235455678,7228.630235455677,1.0,988.7085890895829
100,200,0.5,2,1.0,0.18,30,1000,726984.3008641249,7269.843008641249,1.0,972.1329170256583
100,200,0.5,2,1.0,0.18,31,1000,726726.4679756704,7267.264679756703,1.0,1026.7797802657487
100,200,0.5,2,1.0,0.18,32,1000,728221.328343878,7282.21328343878,1.0,1034.716702479441
100,200,0.5,2,1.0,0.18,33,1000,729447.3633786283,7294.473633786282,1.0,1036.7101114102738
100,200,0.5,2,1.0,0.18,34,1000,729167.0529233031,7291.670529233031,1.0,1038.7331276134746
100,200,0.5,2,1.0,0.18,35,1000,724234.7236336129,7242.347236336129,1.0,1015.3296877494234
100,200,0.5,2,1.0,0.18,36,1000,731901.5462113834,7319.0154621138345,1.0,1050.9338579682747
100,200,0.5,2,1.0,0.18,37,1000,726761.3761054158,7267.613761054157,1.0,1014.0568558941367
100,200,0.5,2,1.0,0.18,38,1000,733259.0730731654,7332.590730731654,1.0,1053.3102002312257
100,200,0.5,2,1.0,0.18,39,1000,725032.7331408616,7250.327331408616,1.0,939.0245119955673
100,200,0.5,2,1.0,0.18,40,1000,726180.8839374683,7261.808839374683,1.0,1007.228627097351
100,200,0.5,2,1.0,0.18,41,1000,725459.218911585,7254.5921891158505,1.0,1060.400188951805
100,200,0.5,2,1.0,0.18,42,1000,727122.4853365332,7271.224853365332,1.0,1018.4849859427294
100,200,0.5,2,1.0,0.18,43,1000,725309.0175604598,7253.090175604598,1.0,998.7762551623333
100,200,0.5,2,1.0,0.18,44,1000,731388.4287759528,7313.884287759528,1.0,1072.1592603235392
100,200,0.5,2,1.0,0.18,45,1000,725893.5693680409,7258.935693680409,1.0,1002.05026044458
100,200,0.5,2,1.0,0.18,46,1000,721794.9801567108,7217.949801567109,1.0,981.6437991298765
100,200,0.5,2,1.0,0.18,47,1000,728229.7468608024,7282.297468608024,1.0,1027.0342345031902
100,200,0.5,2,1.0,0.18,48,1000,723490.9717467852,7234.909717467852,1.0,959.1025467157458
100,200,0.5,2,1.0,0.18,49,1000,728168.7002372071,7281.687002372071,1.0,1084.5875129398437
100,200,0.5,2,1.0,0.2,0,1000,713265.3260627615,7132.653260627615,1.0,925.0677505797328
100,200,0.5,2,1.0,0.2,1,1000,708187.5012586818,7081.875012586817,1.0,871.6271899104811
100,200,0.5,2,1.0,0.2,2,1000,714837.2895797254,7148.3728957972535,1.0,911.5416708760945
100,200,0.5,2,1.0,0.2,3,1000,712171.8555416849,7121.718555416849,1.0,897.4146542885344
100,200,0.5,2,1.0,0.2,4,1000,711839.0294982434,7118.390294982433,1.0,917.8284206207261
100,200,0.5,2,1.0,0.2,5,1000,718778.869864021,7187.78869864021,1.0,977.9481901723389
100,200,0.5,2,1.0,0.2,6,1000,709488.3557741541,7094.883557741541,1.0,921.5108662335319
100,200,0.5,2,1.0,0.2,7,1000,713952.3517501222,7139.523517501221,1.0,961.405778856908
100,200,0.5,2,1.0,0.2,8,1000,718749.8867230084,7187.498867230083,1.0,966.6951090648587
100,200,0.5,2,1.0,0.2,9,1000,715132.1568012229,7151.321568012229,1.0,917.039646117014
100,200,0.5,2,1.0,0.2,10,1000,715453.5284248492,7154.535284248492,1.0,956.6795346559294
100,200,0.5,2,1.0,0.2,11,1000,717305.3302981023,7173.053302981023,1.0,965.1972433624467
100,200,0.5,2,1.0,0.2,12,1000,712692.3080551532,7126.923080551533,1.0,1002.9020736589312
100,200,0.5,2,1.0,0.2,13,1000,711961.5870788471,7119.6158707884715,1.0,957.9899429846324
100,200,0.5,2,1.0,0.2,14,1000,710750.5978291357,7107.505978291357,1.0,920.9316758207955
100,200,0.5,2,1.0,0.2,15,1000,714480.5462123033,7144.805462123033,1.0,941.7498017343743
100,200,0.5,2,1.0,0.2,16,1000,713189.8027990994,7131.898027990994,1.0,935.3762912250443
100,200,0.5,2,1.0,0.2,17,1000,710925.1848585091,7109.2518485850915,1.0,918.7584829375295
100,200,0.5,2,1.0,0.2,18,1000,710240.9576233304,7102.4095762333045,1.0,897.0471477314597
100,200,0.5,2,1.0,0.2,19,1000,712346.8310029579,7123.468310029579,1.0,940.179550411085
100,200,0.5,2,1.0,0.2,20,1000,714941.6607933837,7149.416607933837,1.0,926.6105464500843
100,200,0.5,2,1.0,0.2,21,1000,719082.3696308964,7190.823696308964,1.0,948.888779975851
100,200,0.5,2,1.0,0.2,22,1000,710521.230299144,7105.21230299144,1.0,901.9051376960667
100,200,0.5,2,1.0,0.2,23,1000,713211.9790874867,7132.119790874867,1.0,922.03791075315
100,200,0.5,2,1.0,0.2,24,1000,709375.2140115469,7093.752140115469,1.0,892.0204616685812
100,200,0.5,2,1.0,0.2,25,1000,712423.9382415987,7124.239382415986,1.0,949.2492337437583
100,200,0.5,2,1.0,0.2,26,1000,707769.2756275635,7077.692756275635,1.0,881.5172643909132
100,200,0.5,2,1.0,0.2,27,1000,710159.8654599427,7101.598654599427,1.0,921.1626157887847
100,200,0.5,2,1.0,0.2,28,1000,714578.9277741808,7145.789277741807,1.0,914.9643207748401
100,200,0.5,2,1.0,0.2,29,1000,713974.488053838,7139.74488053838,1.0,945.8765370115474
100,200,0.5,2,1.0,0.2,30,1000,709556.6422134187,7095.566422134188,1.0,909.1318677815752
100,200,0.5,2,1.0,0.2,31,1000,714383.1965745741,7143.831965745741,1.0,896.586338260952
100,200,0.5,2,1.0,0.2,32,1000,713759.1047793743,7137.591047793743,1.0,956.765118523362
100,200,0.5,2,1.0,0.2,33,1000,713126.2491775804,7131.262491775804,1.0,920.1985555901656
100,200,0.5,2,1.0,0.2,34,1000,710571.9777058449,7105.719777058449,1.0,901.7785853156063
100,200,0.5,2,1.0,0.2,35,1000,710565.8170989158,7105.658170989158,1.0,846.4305639268206
100,200,0.5,2,1.0,0.2,36,1000,706171.6507548259,7061.716507548259,1.0,845.8256921727799
100,200,0.5,2,1.0,0.2,37,1000,712961.7441615728,7129.617441615727,1.0,1002.0577575713584
100,200,0.5,2,1.0,0.2,38,1000,713890.3074661164,7138.903074661164,1.0,935.7488465420477
100,200,0.5,2,1.0,0.2,39,1000,715811.9433635372,7158.119433635372,1.0,976.5301300697078
100,200,0.5,2,1.0,0.2,40,1000,717384.5299770798,7173.845299770798,1.0,930.3431283040057
100,200,0.5,2,1.0,0.2,41,1000,714620.6250680774,7146.206250680773,1.0,922.7042990047378
100,200,0.5,2,1.0,0.2,42,1000,705816.2204219705,7058.162204219705,1.0,874.2553620556182
100,200,0.5,2,1.0,0.2,43,1000,713325.3306323944,7133.253306323944,1.0,871.0990521863891
100,200,0.5,2,1.0,0.2,44,1000,713983.1717477787,7139.831717477787,1.0,946.2528889498183
100,200,0.5,2,1.0,0.2,45,1000,709043.9526984063,7090.439526984063,1.0,884.8183292273742
100,200,0.5,2,1.0,0.2,46,1000,709744.2419305184,7097.442419305185,1.0,896.2922540941213
100,200,0.5,2,1.0,0.2,47,1000,710397.8240784727,7103.978240784727,1.0,901.5691636711209
100,200,0.5,2,1.0,0.2,48,1000,712074.2390029996,7120.742390029996,1.0,913.5940326991342
100,200,0.5,2,1.0,0.2,49,1000,711575.037273846,7115.75037273846,1.0,949.2524796445693
100,200,0.5,2,1.0,0.22,0,1000,702729.467652029,7027.2946765202905,1.0,878.2455052788607
100,200,0.5,2,1.0,0.22,1,1000,696113.3472665198,6961.133472665198,1.0,833.3255657710428
100,200,0.5,2,1.0,0.22,2,1000,703079.557907014,7030.795579070141,1.0,900.5589250729025
100,200,0.5,2,1.0,0.22,3,1000,702056.874143357,7020.568741433571,1.0,887.1625848859849
100,200,0.5,2,1.0,0.22,4,1000,701398.3452422479,7013.983452422479,1.0,836.0780326504697
100,200,0.5,2,1.0,0.22,5,1000,699670.230150574,6996.70230150574,1.0,833.4458707751413
100,200,0.5,2,1.0,0.22,6,1000,698778.4664870568,6987.784664870568,1.0,853.2097058429655
100,200,0.5,2,1.0,0.22,7,1000,700525.2003050909,7005.252003050909,1.0,810.0637167086827
100,200,0.5,2,1.0,0.22,8,1000,700548.1309925534,7005.481309925534,1.0,862.2223973870017
100,200,0.5,2,1.0,0.22,9,1000,698364.134701462,6983.64134701462,1.0,859.8643574765757
100,200,0.5,2,1.0,0.22,10,1000,700462.4511489379,7004.624511489379,1.0,844.388144246698
100,200,0.5,2,1.0,0.22,11,1000,700663.943799436,7006.6394379943595,1.0,863.6981809525956
100,200,0.5,2,1.0,0.22,12,1000,701527.0387248673,7015.270387248673,1.0,843.6445676335537
100,200,0.5,2,1.0,0.22,13,1000,702784.9197395344,7027.849197395344,1.0,853.5618193838567
100,200,0.5,2,1.0,0.22,14,1000,698829.0461659005,6988.290461659006,1.0,852.4137415709951
100,200,0.5,2,1.0,0.22,15,1000,701838.5583131118,7018.3855831311175,1.0,884.8011617493837
100,200,0.5,2,1.0,0.22,16,1000,700627.2702164446,7006.272702164446,1.0,793.4205015755289
100,200,0.5,2,1.0,0.22,17,1000,694216.9765615787,6942.169765615787,1.0,809.5996463346987
100,200,0.5,2,1.0,0.22,18,1000,699854.5873501417,6998.545873501417,1.0,848.9569479209516
100,200,0.5,2,1.0,0.22,19,1000,700119.6042266244,7001.196042266243,1.0,838.7284377286652
100,200,0.5,2,1.0,0.22,20,1000,705190.3273074022,7051.903273074022,1.0,888.9035720614396
100,200,0.5,2,1.0,0.22,21,1000,702273.7425015591,7022.737425015591,1.0,845.3284669481968
100,200,0.5,2,1.0,0.22,22,1000,700921.7517344113,7009.217517344114,1.0,874.2624141551765
100,200,0.5,2,1.0,0.22,23,1000,702001.5889927696,7020.015889927696,1.0,867.5452128005157
100,200,0.5,2,1.0,0.22,24,1000,699622.5469041319,6996.225469041319,1.0,880.4213037275265
100,200,0.5,2,1.0,0.22,25,1000,699301.7428251815,6993.017428251815,1.0,867.5629259117793
100,200,0.5,2,1.0,0.22,26,1000,698479.5890728314,6984.795890728315,1.0,879.9029378982722
100,200,0.5,2,1.0,0.22,27,1000,702873.9064447476,7028.739064447476,1.0,896.6205106863747
100,200,0.5,2,1.0,0.22,28,1000,698983.4287212555,6989.834287212555,1.0,830.9194321420107
100,200,0.5,2,1.0,0.22,29,1000,701522.3962684975,7015.223962684974,1.0,877.6246204964771
100,200,0.5,2,1.0,0.22,30,1000,701817.6923309643,7018.176923309643,1.0,867.7885725166185
100,200,0.5,2,1.0,0.22,31,1000,696190.8290303453,6961.908290303453,1.0,836.0291261303541
100,200,0.5,2,1.0,0.22,32,1000,700139.9927644574,7001.399927644574,1.0,809.0292305657035
100,200,0.5,2,1.0,0.22,33,1000,703744.957083218,7037.44957083218,1.0,879.455609089463
100,200,0.5,2,1.0,0.22,34,1000,699584.5465031168,6995.845465031169,1.0,870.5903164612401
100,200,0.5,2,1.0,0.22,35,1000,703133.5930769014,7031.335930769014,1.0,901.6003756772097
100,200,0.5,2,1.0,0.22,36,1000,695837.9017441717,6958.379017441717,1.0,870.6175769045786
100,200,0.5,2,1.0,0.22,37,1000,699885.1053024281,6998.851053024281,1.0,857.6881544016325
100,200,0.5,2,1.0,0.22,38,1000,697772.9543969139,6977.729543969139,1.0,870.6230305776222
100,200,0.5,2,1.0,0.22,39,1000,699500.8058618646,6995.008058618646,1.0,863.6768544464453
100,200,0.5,2,1.0,0.22,40,1000,703234.5983954909,7032.345983954909,1.0,864.506791562239
100,200,0.5,2,1.0,0.22,41,1000,704046.8904954247,7040.468904954248,1.0,897.0366744041709
100,200,0.5,2,1.0,0.22,42,1000,702149.0890806356,7021.490890806355,1.0,873.9018550102398
100,200,0.5,2,1.0,0.22,43,1000,704045.6579158049,7040.456579158049,1.0,883.1236398058102
100,200,0.5,2,1.0,0.22,44,1000,704129.3052189122,7041.293052189122,1.0,864.7424657760656
100,200,0.5,2,1.0,0.22,45,1000,701542.1665158438,7015.421665158438,1.0,841.7558877900568
100,200,0.5,2,1.0,0.22,46,1000,703828.5587419822,7038.285587419822,1.0,900.6249574311429
100,200,0.5,2,1.0,0.22,47,1000,699858.3859623888,6998.583859623888,1.0,872.8875073714025
100,200,0.5,2,1.0,0.22,48,1000,701632.5097539906,7016.325097539906,1.0,835.9111443898626
100,200,0.5,2,1.0,0.22,49,1000,697228.7504476723,6972.287504476723,1.0,829.1014403665885
100,200,0.5,2,1.0,0.24,0,1000,686967.6155074394,6869.676155074394,1.0,750.5835943105128
100,200,0.5,2,1.0,0.24,1,1000,687084.4550085634,6870.844550085633,1.0,743.916949059778
100,200,0.5,2,1.0,0.24,2,1000,690058.0780532897,6900.580780532897,1.0,778.6217468471732
100,200,0.5,2,1.0,0.24,3,1000,683194.8545383349,6831.948545383349,1.0,734.6496278379718
100,200,0.5,2,1.0,0.24,4,1000,683403.9958533634,6834.0399585336345,1.0,706.5111443290721
100,200,0.5,2,1.0,0.24,5,1000,691781.6942126141,6917.816942126141,1.0,820.2245832277359
100,200,0.5,2,1.0,0.24,6,1000,690206.5481161589,6902.06548116159,1.0,809.6979292143047
100,200,0.5,2,1.0,0.24,7,1000,685946.2804990306,6859.462804990306,1.0,759.2940803580983
100,200,0.5,2,1.0,0.24,8,1000,686446.7780492478,6864.467780492478,1.0,781.6702903753164
100,200,0.5,2,1.0,0.24,9,1000,687432.0304000444,6874.320304000444,1.0,771.225912583319
100,200,0.5,2,1.0,0.24,10,1000,687340.6653939687,6873.406653939687,1.0,758.9459170874094
100,200,0.5,2,1.0,0.24,11,1000,687419.9713636673,6874.199713636673,1.0,759.739911693212
100,200,0.5,2,1.0,0.24,12,1000,688844.2340255406,6888.442340255407,1.0,789.38856801612
100,200,0.5,2,1.0,0.24,13,1000,687859.5874330712,6878.595874330712,1.0,781.1483182690595
100,200,0.5,2,1.0,0.24,14,1000,689121.3236713116,6891.213236713116,1.0,797.2377054065227
100,200,0.5,2,1.0,0.24,15,1000,685420.0165273135,6854.200165273135,1.0,727.3614511754868
100,200,0.5,2,1.0,0.24,16,1000,690377.7847628488,6903.7778476284875,1.0,792.3679402301503
100,200,0.5,2,1.0,0.24,17,1000,689276.9783024752,6892.769783024752,1.0,774.1239814450282
100,200,0.5,2,1.0,0.24,18,1000,689940.9114973507,6899.409114973507,1.0,788.6035130217425
100,200,0.5,2,1.0,0.24,19,1000,686814.1054505041,6868.141054505041,1.0,740.4455682695497
100,200,0.5,2,1.0,0.24,20,1000,687583.9938849327,6875.839938849327,1.0,824.4249971596772
100,200,0.5,2,1.0,0.24,21,1000,689551.3509735822,6895.5135097358225,1.0,825.2045800301898
100,200,0.5,2,1.0,0.24,22,1000,687623.5280942993,6876.235280942992,1.0,783.6387851534411
100,200,0.5,2,1.0,0.24,23,1000,683669.4300839871,6836.69430083987,1.0,747.1730333318316
100,200,0.5,2,1.0,0.24,24,1000,686096.0835905805,6860.960835905805,1.0,759.8163037479053
100,200,0.5,2,1.0,0.24,25,1000,690996.4602483056,6909.964602483055,1.0,789.7393025441066
100,200,0.5,2,1.0,0.24,26,1000,689205.2928097734,6892.0529280977335,1.0,780.0296036731269
100,200,0.5,2,1.0,0.24,27,1000,686455.5955895386,6864.5559558953855,1.0,767.2977988625271
100,200,0.5,2,1.0,0.24,28,1000,688864.2267471956,6888.642267471956,1.0,744.8612920122736
100,200,0.5,2,1.0,0.24,29,1000,688851.1486959468,6888.511486959468,1.0,786.6316396482687
100,200,0.5,2,1.0,0.24,30,1000,693528.6169859245,6935.286169859245,1.0,815.5774771455441
100,200,0.5,2,1.0,0.24,31,1000,689618.101773975,6896.181017739749,1.0,805.9808235634334
100,200,0.5,2,1.0,0.24,32,1000,690937.3847401033,6909.373847401032,1.0,829.9971716734804
100,200,0.5,2,1.0,0.24,33,1000,690724.7923483172,6907.247923483173,1.0,805.4057083211328
100,200,0.5,2,1.0,0.24,34,1000,689110.2394116184,6891.102394116185,1.0,804.7838784435102
100,200,0.5,2,1.0,0.24,35,1000,688412.1887637189,6884.1218876371895,1.0,739.474115756249
100,200,0.5,2,1.0,0.24,36,1000,688297.0238542815,6882.970238542815,1.0,771.8757704615327
100,200,0.5,2,1.0,0.24,37,1000,689249.7214451182,6892.497214451182,1.0,773.3526913982696
100,200,0.5,2,1.0,0.24,38,1000,686481.1150636441,6864.811150636441,1.0,788.7856827011408
100,200,0.5,2,1.0,0.24,39,1000,689112.1933213547,6891.121933213547,1.0,759.7354586540911
100,200,0.5,2,1.0,0.24,40,1000,688147.3313431347,6881.473313431347,1.0,768.3267559361187
100,200,0.5,2,1.0,0.24,41,1000,685429.0870986205,6854.290870986205,1.0,722.6063883396976
100,200,0.5,2,1.0,0.24,42,1000,687619.8483673874,6876.198483673874,1.0,758.1693820579804
100,200,0.5,2,1.0,0.24,43,1000,689504.2316450599,6895.042316450599,1.0,733.8999369110982
100,200,0.5,2,1.0,0.24,44,1000,686769.8454609583,6867.698454609583,1.0,752.2346525450375
100,200,0.5,2,1.0,0.24,45,1000,685625.5074171439,6856.255074171439,1.0,757.6510848209444
100,200,0.5,2,1.0,0.24,46,1000,688421.3666107011,6884.213666107011,1.0,771.3456303049842
100,200,0.5,2,1.0,0.24,47,1000,687243.6876695779,6872.436876695779,1.0,783.8107699856807
100,200,0.5,2,1.0,0.24,48,1000,683979.9102921621,6839.799102921621,1.0,759.6854881023891
100,200,0.5,2,1.0,0.24,49,1000,687493.9854392722,6874.939854392723,1.0,789.4920358399042
100,200,0.5,2,1.0,0.26,0,1000,675758.859871159,6757.58859871159,1.0,681.819869546283
100,200,0.5,2,1.0,0.26,1,1000,675523.5872815729,6755.235872815729,1.0,686.584315312234
100,200,0.5,2,1.0,0.26,2,1000,677788.7409644884,6777.8874096448835,1.0,688.578962024232
100,200,0.5,2,1.0,0.26,3,1000,672661.4972904463,6726.614972904463,1.0,697.3997667218772
100,200,0.5,2,1.0,0.26,4,1000,678435.1904599973,6784.351904599973,1.0,757.9604852244739
100,200,0.5,2,1.0,0.26,5,1000,679451.9219834128,6794.519219834128,1.0,702.0018979105186
100,200,0.5,2,1.0,0.26,6,1000,675330.6027263864,6753.306027263864,1.0,685.4376703237491
100,200,0.5,2,1.0,0.26,7,1000,679403.5855514229,6794.035855514229,1.0,756.7700479996835
100,200,0.5,2,1.0,0.26,8,1000,676524.4180795581,6765.24418079558,1.0,707.863871903094
100,200,0.5,2,1.0,0.26,9,1000,678967.3250441441,6789.67325044144,1.0,765.5887216791377
100,200,0.5,2,1.0,0.26,10,1000,676982.9758669301,6769.829758669301,1.0,698.6690691730987
100,200,0.5,2,1.0,0.26,11,1000,679392.2652888118,6793.922652888117,1.0,725.5938044146377
100,200,0.5,2,1.0,0.26,12,1000,676622.6120783109,6766.226120783109,1.0,667.847704056988
100,200,0.5,2,1.0,0.26,13,1000,681740.5487555405,6817.405487555405,1.0,774.7808279683701
100,200,0.5,2,1.0,0.26,14,1000,682328.9102735615,6823.2891027356145,1.0,755.2793858160827
100,200,0.5,2,1.0,0.26,15,1000,674504.3660233743,6745.043660233742,1.0,691.8201350663288
100,200,0.5,2,1.0,0.26,16,1000,673683.039117712,6736.830391177119,1.0,650.8798730084552
100,200,0.5,2,1.0,0.26,17,1000,676706.9589372451,6767.0695893724505,1.0,707.903411901036
100,200,0.5,2,1.0,0.26,18,1000,675324.8790137498,6753.248790137498,1.0,696.2714369524701
100,200,0.5,2,1.0,0.26,19,1000,678513.1208332286,6785.1312083322855,1.0,717.0979362771737
100,200,0.5,2,1.0,0.26,20,1000,675156.3936979123,6751.563936979123,1.0,676.3592364974337
100,200,0.5,2,1.0,0.26,21,1000,674537.681303268,6745.37681303268,1.0,686.8123433005741
100,200,0.5,2,1.0,0.26,22,1000,675885.0557086883,6758.850557086884,1.0,673.9122856777444
100,200,0.5,2,1.0,0.26,23,1000,676611.1007099256,6766.111007099256,1.0,705.9034886902859
100,200,0.5,2,1.0,0.26,24,1000,676400.6714141421,6764.006714141421,1.0,685.3679831354856
100,200,0.5,2,1.0,0.26,25,1000,675713.584447592,6757.135844475921,1.0,667.3814230684989
100,200,0.5,2,1.0,0.26,26,1000,676517.992333996,6765.17992333996,1.0,682.7691885603296
100,200,0.5,2,1.0,0.26,27,1000,672386.4035335159,6723.864035335158,1.0,660.5768879431487
100,200,0.5,2,1.0,0.26,28,1000,678455.147658342,6784.5514765834205,1.0,718.7391677740939
100,200,0.5,2,1.0,0.26,29,1000,675153.2189106569,6751.532189106569,1.0,659.8745444752785
100,200,0.5,2,1.0,0.26,30,1000,678174.7838936319,6781.747838936319,1.0,736.6864214429831
100,200,0.5,2,1.0,0.26,31,1000,674229.3922681408,6742.293922681408,1.0,659.3405615144122
100,200,0.5,2,1.0,0.26,32,1000,680306.8843633289,6803.068843633289,1.0,714.5540712854167
100,200,0.5,2,1.0,0.26,33,1000,682716.0312496834,6827.160312496833,1.0,783.7379637470963
100,200,0.5,2,1.0,0.26,34,1000,679472.2498543346,6794.722498543346,1.0,735.0258276282898
100,200,0.5,2,1.0,0.26,35,1000,679899.0329785675,6798.990329785675,1.0,728.5783906041861
100,200,0.5,2,1.0,0.26,36,1000,674160.3775119357,6741.603775119356,1.0,650.0088990669393
100,200,0.5,2,1.0,0.26,37,1000,675204.6678145687,6752.046678145687,1.0,670.8684438891582
100,200,0.5,2,1.0,0.26,38,1000,679935.4490949587,6799.354490949587,1.0,707.1405313429135
100,200,0.5,2,1.0,0.26,39,1000,674661.2074689408,6746.612074689408,1.0,735.3475799893234
100,200,0.5,2,1.0,0.26,40,1000,676785.9170612379,6767.859170612379,1.0,700.0060081715502
100,200,0.5,2,1.0,0.26,41,1000,673228.6628390069,6732.2866283900685,1.0,643.8253172880424
100,200,0.5,2,1.0,0.26,42,1000,676094.9540946543,6760.949540946543,1.0,697.614149002661
100,200,0.5,2,1.0,0.26,43,1000,672789.107071923,6727.89107071923,1.0,659.0763951389931
100,200,0.5,2,1.0,0.26,44,1000,679226.4254951364,6792.264254951364,1.0,698.1217591763997
100,200,0.5,2,1.0,0.26,45,1000,674763.9760236001,6747.639760236001,1.0,690.1599489958294
100,200,0.5,2,1.0,0.26,46,1000,678492.7300964239,6784.927300964238,1.0,667.4357545023946
100,200,0.5,2,1.0,0.26,47,1000,676298.8119261058,6762.988119261057,1.0,693.4721612081482
100,200,0.5,2,1.0,0.26,48,1000,680626.2432442778,6806.262432442778,1.0,769.5443431678264
100,200,0.5,2,1.0,0.26,49,1000,675658.2505576089,6756.582505576089,1.0,697.5013481150147
100,200,0.5,2,1.0,0.28,0,1000,669824.69132987,6698.2469132987,1.0,645.1246142230012
100,200,0.5,2,1.0,0.28,1,1000,666271.8259075333,6662.718259075333,1.0,618.9250671857242
100,200,0.5,2,1.0,0.28,2,1000,664774.1300875122,6647.741300875122,1.0,659.2759928815448
100,200,0.5,2,1.0,0.28,3,1000,667132.6277153651,6671.326277153651,1.0,680.3258146410968
100,200,0.5,2,1.0,0.28,4,1000,666149.5280633658,6661.495280633659,1.0,656.3632019137027
100,200,0.5,2,1.0,0.28,5,1000,665963.1110598878,6659.631110598878,1.0,671.9940244510329
100,200,0.5,2,1.0,0.28,6,1000,665712.8391544775,6657.128391544775,1.0,631.2175186041429
100,200,0.5,2,1.0,0.28,7,1000,665315.6906288206,6653.156906288205,1.0,666.4457089313249
100,200,0.5,2,1.0,0.28,8,1000,664168.5712208198,6641.685712208198,1.0,609.2374588359205
100,200,0.5,2,1.0,0.28,9,1000,669111.1933643952,6691.1119336439515,1.0,656.7619278593963
100,200,0.5,2,1.0,0.28,10,1000,668058.1808192356,6680.581808192356,1.0,656.7072411078751
100,200,0.5,2,1.0,0.28,11,1000,671955.1406809272,6719.551406809272,1.0,665.9414953341023
100,200,0.5,2,1.0,0.28,12,1000,665081.9077078642,6650.819077078642,1.0,643.3456414198763
100,200,0.5,2,1.0,0.28,13,1000,666974.1268448688,6669.741268448688,1.0,662.8761707008572
100,200,0.5,2,1.0,0.28,14,1000,666929.8777852897,6669.298777852897,1.0,623.8578574334144
100,200,0.5,2,1.0,0.28,15,1000,663522.4883362537,6635.224883362537,1.0,605.9158532587452
100,200,0.5,2,1.0,0.28,16,1000,667503.1158568664,6675.031158568663,1.0,637.2529870678591
100,200,0.5,2,1.0,0.28,17,1000,668801.0771062414,6688.010771062413,1.0,628.7334625903459
100,200,0.5,2,1.0,0.28,18,1000,665393.7948075783,6653.937948075783,1.0,636.8922697831282
100,200,0.5,2,1.0,0.28,19,1000,666410.4772708215,6664.104772708215,1.0,590.1639101695581
100,200,0.5,2,1.0,0.28,20,1000,669049.889237286,6690.498892372861,1.0,645.035466948587
100,200,0.5,2,1.0,0.28,21,1000,664047.9060083241,6640.479060083241,1.0,603.6533175733526
100,200,0.5,2,1.0,0.28,22,1000,664154.6071892271,6641.546071892271,1.0,632.6236625819811
100,200,0.5,2,1.0,0.28,23,1000,665215.6413320085,6652.156413320085,1.0,601.1946077792444
100,200,0.5,2,1.0,0.28,24,1000,664016.6879256822,6640.166879256822,1.0,657.2956449122872
100,200,0.5,2,1.0,0.28,25,1000,670175.3990473822,6701.753990473821,1.0,691.5614517031202
100,200,0.5,2,1.0,0.28,26,1000,666952.9448920323,6669.529448920323,1.0,646.3489866636395
100,200,0.5,2,1.0,0.28,27,1000,667444.5443811725,6674.445443811725,1.0,647.0347798162315
100,200,0.5,2,1.0,0.28,28,1000,666613.2076294903,6666.132076294903,1.0,661.7418192363521
100,200,0.5,2,1.0,0.28,29,1000,666760.869878744,6667.6086987874405,1.0,637.6152811877553
100,200,0.5,2,1.0,0.28,30,1000,665444.1609129994,6654.4416091299945,1.0,660.4059519786232
100,200,0.5,2,1.0,0.28,31,1000,666009.0630542039,6660.0906305420385,1.0,623.068900609935
100,200,0.5,2,1.0,0.28,32,1000,665606.8816203543,6656.068816203542,1.0,658.6789552530291
100,200,0.5,2,1.0,0.28,33,1000,663238.2489612635,6632.382489612634,1.0,616.5147972794057
100,200,0.5,2,1.0,0.28,34,1000,666048.7560105994,6660.487560105994,1.0,644.7538069735506
100,200,0.5,2,1.0,0.28,35,1000,665970.084149394,6659.700841493939,1.0,601.135725415346
100,200,0.5,2,1.0,0.28,36,1000,666738.7201220408,6667.387201220408,1.0,650.9077375292354
100,200,0.5,2,1.0,0.28,37,1000,668554.746195961,6685.54746195961,1.0,652.7664689425583
100,200,0.5,2,1.0,0.28,38,1000,667260.3573607615,6672.603573607615,1.0,611.568746250043
100,200,0.5,2,1.0,0.28,39,1000,666772.7749508838,6667.727749508838,1.0,645.7911316163008
100,200,0.5,2,1.0,0.28,40,1000,667326.2181492399,6673.262181492399,1.0,651.852770505661
100,200,0.5,2,1.0,0.28,41,1000,662463.2619704833,6624.632619704834,1.0,597.3968409884573
100,200,0.5,2,1.0,0.28,42,1000,663080.8172318565,6630.808172318565,1.0,610.0630824411753
100,200,0.5,2,1.0,0.28,43,1000,664053.6721946758,6640.536721946758,1.0,631.164036972329
100,200,0.5,2,1.0,0.28,44,1000,663254.644638578,6632.54644638578,1.0,590.6695144386997
100,200,0.5,2,1.0,0.28,45,1000,666658.8314856442,6666.588314856443,1.0,668.8777057953445
100,200,0.5,2,1.0,0.28,46,1000,664979.2242857908,6649.792242857908,1.0,645.2360067873622
100,200,0.5,2,1.0,0.28,47,1000,667820.2116391357,6678.202116391357,1.0,641.7477858411679
100,200,0.5,2,1.0,0.28,48,1000,661092.1485342232,6610.921485342232,1.0,622.9286046536315
100,200,0.5,2,1.0,0.28,49,1000,665364.5444022034,6653.645444022034,1.0,668.6733564096273
100,200,0.5,2,1.0,0.3,0,1000,655550.8520047147,6555.508520047147,1.0,530.9339998476835
100,200,0.5,2,1.0,0.3,1,1000,658157.8723524001,6581.578723524001,1.0,607.557094219856
100,200,0.5,2,1.0,0.3,2,1000,658329.6434045241,6583.296434045241,1.0,575.8054036317258
100,200,0.5,2,1.0,0.3,3,1000,655480.6723850257,6554.806723850256,1.0,572.7423388393813
100,200,0.5,2,1.0,0.3,4,1000,655915.3957662284,6559.1539576622845,1.0,558.4912813305976
100,200,0.5,2,1.0,0.3,5,1000,656163.0934657048,6561.630934657048,1.0,569.5164103834521
100,200,0.5,2,1.0,0.3,6,1000,658324.3533017057,6583.2435330170565,1.0,596.5332080144046
100,200,0.5,2,1.0,0.3,7,1000,653226.8922278858,6532.268922278858,1.0,573.1857680963469
100,200,0.5,2,1.0,0.3,8,1000,654706.8767520147,6547.068767520147,1.0,560.339875468604
100,200,0.5,2,1.0,0.3,9,1000,654352.149710801,6543.5214971080095,1.0,558.9695480839644
100,200,0.5,2,1.0,0.3,10,1000,654782.7704196197,6547.827704196197,1.0,560.6813401512409
100,200,0.5,2,1.0,0.3,11,1000,653413.6887533896,6534.136887533897,1.0,554.1202575854204
100,200,0.5,2,1.0,0.3,12,1000,656048.4858087577,6560.484858087577,1.0,559.2675140543017
100,200,0.5,2,1.0,0.3,13,1000,655439.3953748572,6554.393953748572,1.0,528.0303927650991
100,200,0.5,2,1.0,0.3,14,1000,655940.1582600208,6559.401582600208,1.0,560.7273301550073
100,200,0.5,2,1.0,0.3,15,1000,657364.0394461454,6573.640394461454,1.0,597.3092146465783
100,200,0.5,2,1.0,0.3,16,1000,655121.0438229273,6551.210438229273,1.0,560.3198936672911
100,200,0.5,2,1.0,0.3,17,1000,657578.35380059,6575.7835380059005,1.0,541.6530166463874
100,200,0.5,2,1.0,0.3,18,1000,655114.0659753362,6551.140659753362,1.0,594.4558974191747
100,200,0.5,2,1.0,0.3,19,1000,657505.3334471997,6575.053334471997,1.0,590.6245328745212
100,200,0.5,2,1.0,0.3,20,1000,657152.7258864619,6571.527258864619,1.0,577.0551410847916
100,200,0.5,2,1.0,0.3,21,1000,656468.8121795107,6564.688121795107,1.0,565.9288650168096
100,200,0.5,2,1.0,0.3,22,1000,656270.9466712605,6562.709466712605,1.0,564.9745570096559
100,200,0.5,2,1.0,0.3,23,1000,654481.9799833437,6544.819799833437,1.0,614.9756235398529
100,200,0.5,2,1.0,0.3,24,1000,655972.2699037476,6559.722699037476,1.0,568.2324405482151
100,200,0.5,2,1.0,0.3,25,1000,659716.7801302039,6597.167801302039,1.0,617.0946134666287
100,200,0.5,2,1.0,0.3,26,1000,657955.2618433881,6579.5526184338805,1.0,622.2144549319021
100,200,0.5,2,1.0,0.3,27,1000,653329.6436489559,6533.296436489559,1.0,559.9041833555567
100,200,0.5,2,1.0,0.3,28,1000,653451.5319473149,6534.515319473148,1.0,536.973070713644
100,200,0.5,2,1.0,0.3,29,1000,654526.5076899427,6545.265076899427,1.0,571.2725827944873
100,200,0.5,2,1.0,0.3,30,1000,654491.438526141,6544.91438526141,1.0,606.7066931446202
100,200,0.5,2,1.0,0.3,31,1000,658465.8883809726,6584.658883809726,1.0,604.1238695472925
100,200,0.5,2,1.0,0.3,32,1000,656883.4984141008,6568.834984141008,1.0,581.8552868675813
100,200,0.5,2,1.0,0.3,33,1000,655337.5091940018,6553.375091940018,1.0,550.6090175247299
100,200,0.5,2,1.0,0.3,34,1000,658437.3642624359,6584.3736426243595,1.0,622.1216493170575
100,200,0.5,2,1.0,0.3,35,1000,653322.2292639597,6533.222292639597,1.0,570.5349802638978
100,200,0.5,2,1.0,0.3,36,1000,657252.1976883406,6572.521976883406,1.0,581.4036002018996
100,200,0.5,2,1.0,0.3,37,1000,658942.0183111909,6589.420183111909,1.0,602.4687442459698
100,200,0.5,2,1.0,0.3,38,1000,657364.9387046689,6573.649387046689,1.0,578.1658847132254
100,200,0.5,2,1.0,0.3,39,1000,653764.2636241793,6537.642636241793,1.0,540.7622136731667
100,200,0.5,2,1.0,0.3,40,1000,655390.0754738268,6553.900754738268,1.0,579.3074545232532
100,200,0.5,2,1.0,0.3,41,1000,656126.9188876955,6561.269188876955,1.0,583.5998034276885
100,200,0.5,2,1.0,0.3,42,1000,654164.8677307753,6541.648677307752,1.0,576.9438212299177
100,200,0.5,2,1.0,0.3,43,1000,655758.0431644097,6557.580431644097,1.0,571.1625320521514
100,200,0.5,2,1.0,0.3,44,1000,654829.2403254933,6548.292403254933,1.0,587.9032438571178
100,200,0.5,2,1.0,0.3,45,1000,653593.2618956094,6535.932618956094,1.0,571.9561793370357
100,200,0.5,2,1.0,0.3,46,1000,657327.0002566252,6573.2700025662525,1.0,599.6114321861296
100,200,0.5,2,1.0,0.3,47,1000,653452.7140750124,6534.527140750124,1.0,547.2192409347105
100,200,0.5,2,1.0,0.3,48,1000,654984.6599454866,6549.846599454866,1.0,565.9477143650998
100,200,0.5,2,1.0,0.3,49,1000,655544.4904767359,6555.444904767359,1.0,540.2710627972566
100,200,0.5,2,1.0,0.35,0,1000,628241.4257088875,6282.414257088875,1.0,413.8479470533719
100,200,0.5,2,1.0,0.35,1,1000,627120.706836183,6271.207068361829,1.0,408.53368792459014
100,200,0.5,2,1.0,0.35,2,1000,632920.4008429962,6329.204008429962,1.0,437.09089597740956
100,200,0.5,2,1.0,0.35,3,1000,629987.6951326902,6299.876951326903,1.0,436.31010713105394
100,200,0.5,2,1.0,0.35,4,1000,629963.9731536902,6299.639731536902,1.0,434.4750038064659
100,200,0.5,2,1.0,0.35,5,1000,632747.2719857175,6327.4727198571745,1.0,448.0096489211555
100,200,0.5,2,1.0,0.35,6,1000,628847.1278421567,6288.471278421567,1.0,397.18850694141713
100,200,0.5,2,1.0,0.35,7,1000,628496.4370487103,6284.964370487103,1.0,413.9649011943724
100,200,0.5,2,1.0,0.35,8,1000,630765.9325840101,6307.659325840101,1.0,413.9522083589305
100,200,0.5,2,1.0,0.35,9,1000,632970.1244117614,6329.701244117614,1.0,422.09484424952234
100,200,0.5,2,1.0,0.35,10,1000,628702.9543574244,6287.029543574244,1.0,426.13999671393225
100,200,0.5,2,1.0,0.35,11,1000,633230.617418748,6332.30617418748,1.0,455.2899303032752
100,200,0.5,2,1.0,0.35,12,1000,629701.9725717083,6297.019725717083,1.0,395.19959602677085
100,200,0.5,2,1.0,0.35,13,1000,633731.4037752203,6337.314037752203,1.0,443.2884970011914
100,200,0.5,2,1.0,0.35,14,1000,630711.2749030011,6307.112749030011,1.0,462.78177546852595
100,200,0.5,2,1.0,0.35,15,1000,629710.4296442464,6297.104296442463,1.0,419.8671981271712
100,200,0.5,2,1.0,0.35,16,1000,632341.3520391416,6323.413520391416,1.0,431.1131435978606
100,200,0.5,2,1.0,0.35,17,1000,632474.9841455698,6324.7498414556985,1.0,435.8097385508914
100,200,0.5,2,1.0,0.35,18,1000,628464.0946045211,6284.6409460452105,1.0,417.23326891865884
100,200,0.5,2,1.0,0.35,19,1000,631074.3934064016,6310.743934064016,1.0,414.438569164363
100,200,0.5,2,1.0,0.35,20,1000,631272.3496905598,6312.723496905598,1.0,430.4778336017443
100,200,0.5,2,1.0,0.35,21,1000,631102.3561158085,6311.023561158085,1.0,424.9330120934337
100,200,0.5,2,1.0,0.35,22,1000,632572.1710737289,6325.721710737289,1.0,440.42147088680423
100,200,0.5,2,1.0,0.35,23,1000,631168.0724673043,6311.680724673043,1.0,443.4343843529274
100,200,0.5,2,1.0,0.35,24,1000,632666.7207833516,6326.667207833516,1.0,455.8179172560591
100,200,0.5,2,1.0,0.35,25,1000,629807.428010328,6298.074280103279,1.0,434.2546731062185
100,200,0.5,2,1.0,0.35,26,1000,628368.5825369145,6283.685825369145,1.0,424.26863123176906
100,200,0.5,2,1.0,0.35,27,1000,632552.292143536,6325.52292143536,1.0,392.3515587131635
100,200,0.5,2,1.0,0.35,28,1000,628753.5510798299,6287.5355107983,1.0,415.37325525256125
100,200,0.5,2,1.0,0.35,29,1000,631670.5364000453,6316.705364000452,1.0,419.06221926923007
100,200,0.5,2,1.0,0.35,30,1000,629126.5050739701,6291.265050739701,1.0,410.56139806282596
100,200,0.5,2,1.0,0.35,31,1000,633361.1621151346,6333.611621151346,1.0,460.0782923638545
100,200,0.5,2,1.0,0.35,32,1000,630935.7426175122,6309.357426175123,1.0,449.90520199123273
100,200,0.5,2,1.0,0.35,33,1000,628636.8485023566,6286.368485023566,1.0,389.0000311674354
100,200,0.5,2,1.0,0.35,34,1000,630037.5725895149,6300.375725895149,1.0,425.2389554384212
100,200,0.5,2,1.0,0.35,35,1000,628550.7506476907,6285.507506476907,1.0,400.45837016979954
100,200,0.5,2,1.0,0.35,36,1000,629913.39553459,6299.1339553459,1.0,424.32406464880904
100,200,0.5,2,1.0,0.35,37,1000,630721.2358477191,6307.212358477192,1.0,421.68619919778007
100,200,0.5,2,1.0,0.35,38,1000,631179.57663505,6311.7957663505,1.0,412.9258258558224
100,200,0.5,2,1.0,0.35,39,1000,631518.4896622255,6315.184896622255,1.0,384.1177981786783
100,200,0.5,2,1.0,0.35,40,1000,632030.2049000284,6320.302049000285,1.0,386.4052103255971
100,200,0.5,2,1.0,0.35,41,1000,630672.5651867496,6306.725651867496,1.0,442.55794482950824
100,200,0.5,2,1.0,0.35,42,1000,632941.1576179701,6329.411576179701,1.0,446.87284062349755
100,200,0.5,2,1.0,0.35,43,1000,634687.9398682627,6346.879398682628,1.0,448.1697079175074
100,200,0.5,2,1.0,0.35,44,1000,631451.7762407481,6314.517762407481,1.0,405.71534364663677
100,200,0.5,2,1.0,0.35,45,1000,631629.5909852812,6316.295909852812,1.0,447.45559829499626
100,200,0.5,2,1.0,0.35,46,1000,630789.7137123491,6307.897137123491,1.0,443.2311202768749
100,200,0.5,2,1.0,0.35,47,1000,629787.4881785753,6297.874881785753,1.0,411.3542545502201
100,200,0.5,2,1.0,0.35,48,1000,633360.0742911123,6333.600742911122,1.0,432.67532176158346
100,200,0.5,2,1.0,0.35,49,1000,630031.0120399857,6300.310120399858,1.0,432.90676104292083
100,200,0.5,2,1.0,0.4,0,1000,608024.1217540308,6080.241217540308,1.0,317.74865082177377
100,200,0.5,2,1.0,0.4,1,1000,611192.4620963825,6111.924620963825,1.0,312.84766802861094
100,200,0.5,2,1.0,0.4,2,1000,610589.6714372239,6105.896714372239,1.0,345.759754141378
100,200,0.5,2,1.0,0.4,3,1000,611050.3838535736,6110.503838535736,1.0,321.60302972730796
100,200,0.5,2,1.0,0.4,4,1000,607134.5405409373,6071.345405409374,1.0,288.3046510411732
100,200,0.5,2,1.0,0.4,5,1000,609575.7807211054,6095.757807211054,1.0,353.8492476254186
100,200,0.5,2,1.0,0.4,6,1000,609408.4099136258,6094.084099136258,1.0,281.9881372044389
100,200,0.5,2,1.0,0.4,7,1000,611968.1446639138,6119.681446639138,1.0,329.31552340704314
100,200,0.5,2,1.0,0.4,8,1000,610149.9632765132,6101.4996327651315,1.0,304.9583008172465
100,200,0.5,2,1.0,0.4,9,1000,610564.0054097385,6105.6400540973855,1.0,322.50674586792024
100,200,0.5,2,1.0,0.4,10,1000,608554.9684660448,6085.549684660447,1.0,302.8384691155497
100,200,0.5,2,1.0,0.4,11,1000,611089.3833137036,6110.8938331370355,1.0,327.8529023140478
100,200,0.5,2,1.0,0.4,12,1000,608226.6547124113,6082.2665471241135,1.0,320.3024978986614
100,200,0.5,2,1.0,0.4,13,1000,610311.5413526837,6103.115413526837,1.0,312.68989834910764
100,200,0.5,2,1.0,0.4,14,1000,611415.608006368,6114.156080063681,1.0,315.8995020230832
100,200,0.5,2,1.0,0.4,15,1000,607639.8730709318,6076.3987307093175,1.0,306.24230551702215
100,200,0.5,2,1.0,0.4,16,1000,607800.2924510797,6078.002924510797,1.0,294.46440971886983
100,200,0.5,2,1.0,0.4,17,1000,610697.7408481322,6106.977408481322,1.0,306.40072343922134
100,200,0.5,2,1.0,0.4,18,1000,611303.2298712743,6113.032298712743,1.0,344.6318948549213
100,200,0.5,2,1.0,0.4,19,1000,610928.4694099381,6109.28469409938,1.0,358.3761080322555
100,200,0.5,2,1.0,0.4,20,1000,608315.9790598416,6083.159790598416,1.0,297.56138948293506
100,200,0.5,2,1.0,0.4,21,1000,613207.7720476663,6132.077720476663,1.0,316.3774081171839
100,200,0.5,2,1.0,0.4,22,1000,609842.8427633,6098.428427633001,1.0,284.1285689667543
100,200,0.5,2,1.0,0.4,23,1000,609364.1085758905,6093.641085758905,1.0,320.69126851746387
100,200,0.5,2,1.0,0.4,24,1000,608720.4925309399,6087.204925309398,1.0,337.06117900511424
100,200,0.5,2,1.0,0.4,25,1000,611319.7281661622,6113.197281661622,1.0,324.6219794445792
100,200,0.5,2,1.0,0.4,26,1000,609056.1782652453,6090.561782652453,1.0,329.38098227865584
100,200,0.5,2,1.0,0.4,27,1000,609054.7547694978,6090.547547694978,1.0,312.604602383883
100,200,0.5,2,1.0,0.4,28,1000,607932.8256949517,6079.328256949517,1.0,314.8428916950962
100,200,0.5,2,1.0,0.4,29,1000,609063.6458519642,6090.6364585196425,1.0,298.2123117715567
100,200,0.5,2,1.0,0.4,30,1000,609169.2870223274,6091.692870223274,1.0,305.85177511429316
100,200,0.5,2,1.0,0.4,31,1000,608994.0702155933,6089.940702155934,1.0,335.2855767308204
100,200,0.5,2,1.0,0.4,32,1000,608181.7931464962,6081.8179314649615,1.0,357.3096161388681
100,200,0.5,2,1.0,0.4,33,1000,612948.4793079984,6129.484793079984,1.0,321.78545947573133
100,200,0.5,2,1.0,0.4,34,1000,611070.2526894013,6110.702526894012,1.0,335.6964426299243
100,200,0.5,2,1.0,0.4,35,1000,610816.7267688068,6108.167267688068,1.0,335.5343046596257
100,200,0.5,2,1.0,0.4,36,1000,609057.7449098089,6090.577449098088,1.0,327.709462563712
100,200,0.5,2,1.0,0.4,37,1000,610286.2262682541,6102.862262682541,1.0,371.0154050827825
100,200,0.5,2,1.0,0.4,38,1000,611531.9864042639,6115.319864042639,1.0,358.7875388301844
100,200,0.5,2,1.0,0.4,39,1000,608032.0504755976,6080.320504755976,1.0,271.1386340432867
100,200,0.5,2,1.0,0.4,40,1000,609135.6968115902,6091.356968115902,1.0,295.8267642221859
100,200,0.5,2,1.0,0.4,41,1000,609205.274932186,6092.05274932186,1.0,303.723522773981
100,200,0.5,2,1.0,0.4,42,1000,611087.3993015809,6110.873993015808,1.0,329.71516829475763
100,200,0.5,2,1.0,0.4,43,1000,611195.5913834068,6111.955913834067,1.0,345.28141093884756
100,200,0.5,2,1.0,0.4,44,1000,611693.0945073976,6116.9309450739765,1.0,342.1948763449641
100,200,0.5,2,1.0,0.4,45,1000,613452.3807917178,6134.523807917178,1.0,329.30164851455856
100,200,0.5,2,1.0,0.4,46,1000,610843.5346778366,6108.435346778366,1.0,327.468463905486
100,200,0.5,2,1.0,0.4,47,1000,608727.80790934,6087.2780790934,1.0,343.8858575313587
100,200,0.5,2,1.0,0.4,48,1000,609612.3592417588,6096.123592417588,1.0,312.18566925702254
100,200,0.5,2,1.0,0.4,49,1000,612500.8467144917,6125.008467144918,1.0,316.090369897622
100,200,0.5,2,1.0,0.45,0,1000,589622.0685957572,5896.220685957573,1.0,228.66515018678757
100,200,0.5,2,1.0,0.45,1,1000,591595.9313082793,5915.9593130827925,1.0,278.14784502134444
100,200,0.5,2,1.0,0.45,2,1000,592106.2916581095,5921.062916581095,1.0,222.75916873138675
100,200,0.5,2,1.0,0.45,3,1000,592713.9227465013,5927.1392274650125,1.0,248.2144609856429
100,200,0.5,2,1.0,0.45,4,1000,592428.8560192208,5924.288560192208,1.0,228.4368718093925
100,200,0.5,2,1.0,0.45,5,1000,591606.8913807414,5916.068913807414,1.0,242.7114996063449
100,200,0.5,2,1.0,0.45,6,1000,591576.0786612986,5915.7607866129865,1.0,241.84051179509555
100,200,0.5,2,1.0,0.45,7,1000,588634.7211080745,5886.347211080745,1.0,235.4920055412686
100,200,0.5,2,1.0,0.45,8,1000,592151.5668651585,5921.515668651585,1.0,250.288253655649
100,200,0.5,2,1.0,0.45,9,1000,592540.3761078209,5925.403761078209,1.0,255.07592071950998
100,200,0.5,2,1.0,0.45,10,1000,592970.5593964127,5929.705593964127,1.0,232.85184409984618
100,200,0.5,2,1.0,0.45,11,1000,593501.3252766968,5935.013252766968,1.0,236.803054742121
100,200,0.5,2,1.0,0.45,12,1000,589539.6540116547,5895.396540116547,1.0,257.63840651250297
100,200,0.5,2,1.0,0.45,13,1000,593596.1645087004,5935.9616450870035,1.0,232.43191012356957
100,200,0.5,2,1.0,0.45,14,1000,590835.7509728667,5908.357509728667,1.0,248.0905395630674
100,200,0.5,2,1.0,0.45,15,1000,592443.6502031798,5924.436502031798,1.0,228.43531905259405
100,200,0.5,2,1.0,0.45,16,1000,592216.5516878148,5922.165516878147,1.0,244.32019195353305
100,200,0.5,2,1.0,0.45,17,1000,593900.4237761304,5939.0042377613045,1.0,253.1075920528038
100,200,0.5,2,1.0,0.45,18,1000,591803.5227455092,5918.035227455091,1.0,241.29785356366858
100,200,0.5,2,1.0,0.45,19,1000,591663.2948513278,5916.632948513277,1.0,258.1552159245689
100,200,0.5,2,1.0,0.45,20,1000,591643.5162647585,5916.4351626475855,1.0,227.35461553973553
100,200,0.5,2,1.0,0.45,21,1000,592975.199873293,5929.751998732931,1.0,269.4462431418512
100,200,0.5,2,1.0,0.45,22,1000,591370.0570806366,5913.700570806366,1.0,225.07443720255066
100,200,0.5,2,1.0,0.45,23,1000,590940.3253660648,5909.403253660648,1.0,214.7635408488344
100,200,0.5,2,1.0,0.45,24,1000,590819.815276807,5908.198152768071,1.0,226.25548696695117
100,200,0.5,2,1.0,0.45,25,1000,591094.7408386795,5910.947408386794,1.0,223.91063152355622
100,200,0.5,2,1.0,0.45,26,1000,590955.1498150713,5909.551498150712,1.0,228.27833967654772
100,200,0.5,2,1.0,0.45,27,1000,591008.9567643441,5910.089567643441,1.0,224.877771283723
100,200,0.5,2,1.0,0.45,28,1000,593301.9066765961,5933.019066765962,1.0,231.83901282008458
100,200,0.5,2,1.0,0.45,29,1000,591832.7894496149,5918.327894496149,1.0,247.70631804197237
100,200,0.5,2,1.0,0.45,30,1000,593021.3150896278,5930.2131508962775,1.0,236.08961748883013
100,200,0.5,2,1.0,0.45,31,1000,591718.5342597149,5917.1853425971485,1.0,250.3865616928537
100,200,0.5,2,1.0,0.45,32,1000,593891.7993624625,5938.917993624625,1.0,240.54257627534616
100,200,0.5,2,1.0,0.45,33,1000,590845.0804187323,5908.450804187322,1.0,243.72451083679354
100,200,0.5,2,1.0,0.45,34,1000,591883.1852872416,5918.831852872416,1.0,231.57343161759653
100,200,0.5,2,1.0,0.45,35,1000,591875.8770153171,5918.758770153171,1.0,235.93204347680904
100,200,0.5,2,1.0,0.45,36,1000,591252.8006253209,5912.528006253208,1.0,223.17132263332664
100,200,0.5,2,1.0,0.45,37,1000,593303.7619908161,5933.037619908161,1.0,257.68963814637084
100,200,0.5,2,1.0,0.45,38,1000,593596.091172901,5935.96091172901,1.0,255.7217511831142
100,200,0.5,2,1.0,0.45,39,1000,592434.7322954185,5924.347322954185,1.0,220.25482332684658
100,200,0.5,2,1.0,0.45,40,1000,591938.6284017913,5919.386284017914,1.0,268.3461271656995
100,200,0.5,2,1.0,0.45,41,1000,591966.2487151688,5919.662487151688,1.0,242.7753135564668
100,200,0.5,2,1.0,0.45,42,1000,592243.9591848428,5922.439591848428,1.0,253.36853824919842
100,200,0.5,2,1.0,0.45,43,1000,590615.2294368716,5906.152294368716,1.0,234.54297641442076
100,200,0.5,2,1.0,0.45,44,1000,590884.4072176866,5908.844072176867,1.0,246.12344349541243
100,200,0.5,2,1.0,0.45,45,1000,592664.08129916,5926.6408129916,1.0,252.8067281747763
100,200,0.5,2,1.0,0.45,46,1000,592388.1392102612,5923.881392102612,1.0,244.03806593022253
100,200,0.5,2,1.0,0.45,47,1000,591567.3405276183,5915.673405276183,1.0,228.87275025103264
100,200,0.5,2,1.0,0.45,48,1000,593854.112611752,5938.54112611752,1.0,256.4038827245874
100,200,0.5,2,1.0,0.45,49,1000,592093.6230592767,5920.936230592767,1.0,249.54650817036918
100,200,0.5,2,1.0,0.5,0,1000,576692.1345417694,5766.921345417694,1.0,214.50687866325214
100,200,0.5,2,1.0,0.5,1,1000,576064.5588490055,5760.645588490055,1.0,197.05624824504835
100,200,0.5,2,1.0,0.5,2,1000,575739.6770280182,5757.396770280182,1.0,173.706714871986
100,200,0.5,2,1.0,0.5,3,1000,576895.8552645062,5768.958552645062,1.0,178.03798980803137
100,200,0.5,2,1.0,0.5,4,1000,577112.4463336744,5771.124463336743,1.0,207.701288622542
100,200,0.5,2,1.0,0.5,5,1000,578443.715199319,5784.437151993189,1.0,192.0754643371897
100,200,0.5,2,1.0,0.5,6,1000,575486.7699339811,5754.867699339811,1.0,167.24381010322463
100,200,0.5,2,1.0,0.5,7,1000,577350.4178213198,5773.5041782131975,1.0,182.1661403064258
100,200,0.5,2,1.0,0.5,8,1000,576083.1097886333,5760.831097886333,1.0,180.09727654142048
100,200,0.5,2,1.0,0.5,9,1000,576392.2164855188,5763.922164855188,1.0,184.85763647826863
100,200,0.5,2,1.0,0.5,10,1000,577858.4910958278,5778.584910958278,1.0,177.83822368855743
100,200,0.5,2,1.0,0.5,11,1000,574272.798826173,5742.7279882617295,1.0,184.47100822414762
100,200,0.5,2,1.0,0.5,12,1000,576080.5447746849,5760.8054477468495,1.0,174.70967052617348
100,200,0.5,2,1.0,0.5,13,1000,577108.0901020054,5771.080901020054,1.0,192.80404525253135
100,200,0.5,2,1.0,0.5,14,1000,576794.9451534529,5767.9494515345295,1.0,183.26867505945893
100,200,0.5,2,1.0,0.5,15,1000,575909.1987543154,5759.091987543154,1.0,200.40806328619203
100,200,0.5,2,1.0,0.5,16,1000,576914.6919393879,5769.146919393879,1.0,179.6301736514642
100,200,0.5,2,1.0,0.5,17,1000,576777.1188844647,5767.771188844647,1.0,182.26174365975186
100,200,0.5,2,1.0,0.5,18,1000,576414.4514681763,5764.144514681763,1.0,182.1021985138053
100,200,0.5,2,1.0,0.5,19,1000,576191.432859966,5761.91432859966,1.0,202.80310189061265
100,200,0.5,2,1.0,0.5,20,1000,577025.3368192492,5770.253368192492,1.0,194.45228145507528
100,200,0.5,2,1.0,0.5,21,1000,577884.0534074262,5778.840534074262,1.0,192.80025123511157
100,200,0.5,2,1.0,0.5,22,1000,576653.831102592,5766.538311025921,1.0,186.89156247804283
100,200,0.5,2,1.0,0.5,23,1000,576586.1463488016,5765.861463488016,1.0,199.81003821843214
100,200,0.5,2,1.0,0.5,24,1000,573357.6067052176,5733.576067052176,1.0,185.01885442108468
100,200,0.5,2,1.0,0.5,25,1000,575781.5974664573,5757.815974664572,1.0,205.6574164963022
100,200,0.5,2,1.0,0.5,26,1000,579049.6934804245,5790.496934804245,1.0,196.62275862225746
100,200,0.5,2,1.0,0.5,27,1000,574701.817309669,5747.01817309669,1.0,189.79401823911164
100,200,0.5,2,1.0,0.5,28,1000,576305.3548914446,5763.053548914446,1.0,184.3818504145098
100,200,0.5,2,1.0,0.5,29,1000,576736.8854409646,5767.368854409646,1.0,193.75362204835687
100,200,0.5,2,1.0,0.5,30,1000,577560.0029331364,5775.600029331365,1.0,190.9305089815554
100,200,0.5,2,1.0,0.5,31,1000,579015.7863877098,5790.157863877098,1.0,181.0836013556597
100,200,0.5,2,1.0,0.5,32,1000,577322.1315244247,5773.221315244246,1.0,220.84861257275628
100,200,0.5,2,1.0,0.5,33,1000,576041.5119506347,5760.415119506347,1.0,200.88202047783898
100,200,0.5,2,1.0,0.5,34,1000,576309.254072572,5763.09254072572,1.0,189.0458670485725
100,200,0.5,2,1.0,0.5,35,1000,577795.562192369,5777.95562192369,1.0,192.2779897547916
100,200,0.5,2,1.0,0.5,36,1000,575367.6052530266,5753.676052530266,1.0,176.474116927089
100,200,0.5,2,1.0,0.5,37,1000,575866.1457500792,5758.661457500792,1.0,203.13719581191972
100,200,0.5,2,1.0,0.5,38,1000,577199.9931707927,5771.999931707927,1.0,196.9478857846237
100,200,0.5,2,1.0,0.5,39,1000,577562.9399048798,5775.6293990487975,1.0,158.75491224532735
100,200,0.5,2,1.0,0.5,40,1000,578279.4834102634,5782.794834102634,1.0,191.28280674007374
100,200,0.5,2,1.0,0.5,41,1000,575515.2985735266,5755.152985735265,1.0,180.81273144230437
100,200,0.5,2,1.0,0.5,42,1000,576602.1276549314,5766.021276549314,1.0,191.79067316115007
100,200,0.5,2,1.0,0.5,43,1000,576109.2577061026,5761.092577061026,1.0,191.4157816800827
100,200,0.5,2,1.0,0.5,44,1000,574494.8845341121,5744.94884534112,1.0,191.28555752096403
100,200,0.5,2,1.0,0.5,45,1000,577196.2984575698,5771.962984575698,1.0,180.26536510493366
100,200,0.5,2,1.0,0.5,46,1000,577832.973352906,5778.329733529059,1.0,177.97549813248307
100,200,0.5,2,1.0,0.5,47,1000,574168.9122429349,5741.6891224293495,1.0,200.46066674845028
100,200,0.5,2,1.0,0.5,48,1000,576839.4868301876,5768.394868301876,1.0,207.81724113181068
100,200,0.5,2,1.0,0.5,49,1000,576685.2135476131,5766.8521354761315,1.0,180.7723783586581
100,300,0.3333333333333333,3,1.0,0.01,0,1000,746790.5907841643,7467.905907841643,1.0,1946.9029079051475
100,300,0.3333333333333333,3,1.0,0.01,1,1000,741507.4715162787,7415.074715162787,0.998,1804.153467065131
100,300,0.3333333333333333,3,1.0,0.01,2,1000,743324.259489933,7433.2425948993305,1.0,1991.094406727653
100,300,0.3333333333333333,3,1.0,0.01,3,1000,761402.7635438382,7614.027635438381,0.998,1930.4431559286854
100,300,0.3333333333333333,3,1.0,0.01,4,1000,732294.7877652082,7322.947877652082,1.0,1931.7382071008094
100,300,0.3333333333333333,3,1.0,0.01,5,1000,726354.723279439,7263.54723279439,0.927,1930.1157571004478
100,300,0.3333333333333333,3,1.0,0.01,6,1000,742695.3724113978,7426.953724113978,0.941,1969.1425570783015
100,300,0.3333333333333333,3,1.0,0.01,7,1000,735363.7789138566,7353.637789138566,1.0,1926.151068245512
100,300,0.3333333333333333,3,1.0,0.01,8,1000,753855.292449688,7538.552924496879,0.89,1816.9045703988004
100,300,0.3333333333333333,3,1.0,0.01,9,1000,723896.1394626597,7238.961394626597,1.0,2050.0702600683417
100,300,0.3333333333333333,3,1.0,0.01,10,1000,766714.0264071795,7667.140264071795,0.999,1883.8856577838299
100,300,0.3333333333333333,3,1.0,0.01,11,1000,731587.0933006317,7315.8709330063175,1.0,2102.192458553675
100,300,0.3333333333333333,3,1.0,0.01,12,1000,736214.8570265475,7362.148570265475,1.0,1954.3016959648232
100,300,0.3333333333333333,3,1.0,0.01,13,1000,714033.5786160545,7140.335786160545,1.0,2013.6732374041692
100,300,0.3333333333333333,3,1.0,0.01,14,1000,745006.2991018386,7450.062991018386,1.0,2018.1110967062207
100,300,0.3333333333333333,3,1.0,0.01,15,1000,750623.3529555013,7506.233529555013,1.0,1895.3298464264608
100,300,0.3333333333333333,3,1.0,0.01,16,1000,725691.8258798633,7256.918258798633,1.0,1880.3371353325795
100,300,0.3333333333333333,3,1.0,0.01,17,1000,727056.650617708,7270.56650617708,1.0,2207.3039013950797
100,300,0.3333333333333333,3,1.0,0.01,18,1000,728870.6352575705,7288.706352575706,1.0,1750.439977265847
100,300,0.3333333333333333,3,1.0,0.01,19,1000,725234.998732718,7252.34998732718,1.0,1996.63462680952
100,300,0.3333333333333333,3,1.0,0.01,20,1000,719961.1121464263,7199.611121464263,1.0,2012.611178037781
100,300,0.3333333333333333,3,1.0,0.01,21,1000,723762.1601075018,7237.621601075018,1.0,1993.4661880847268
100,300,0.3333333333333333,3,1.0,0.01,22,1000,742361.3485783007,7423.613485783007,1.0,2019.3543449877893
100,300,0.3333333333333333,3,1.0,0.01,23,1000,754999.4409214354,7549.994409214353,1.0,1947.6300077629287
100,300,0.3333333333333333,3,1.0,0.01,24,1000,743208.922254717,7432.08922254717,1.0,1911.9458287197385
100,300,0.3333333333333333,3,1.0,0.01,25,1000,761349.5440120952,7613.495440120952,1.0,1855.3055596809227
100,300,0.3333333333333333,3,1.0,0.01,26,1000,754886.772569689,7548.8677256968895,0.986,2003.2625917830082
100,300,0.3333333333333333,3,1.0,0.01,27,1000,736762.8357549948,7367.628357549947,0.973,2083.8047059148203
100,300,0.3333333333333333,3,1.0,0.01,28,1000,750248.6416465059,7502.486416465059,1.0,2114.3908438275466
100,300,0.3333333333333333,3,1.0,0.01,29,1000,716912.4797497506,7169.124797497506,1.0,1953.7916739540678
100,300,0.3333333333333333,3,1.0,0.01,30,1000,748910.7966559167,7489.107966559167,1.0,1943.6118465328059
100,300,0.3333333333333333,3,1.0,0.01,31,1000,729268.4387893121,7292.684387893121,1.0,2014.4061790281276
100,300,0.3333333333333333,3,1.0,0.01,32,1000,763745.6392687806,7637.456392687806,1.0,1838.2875827535497
100,300,0.3333333333333333,3,1.0,0.01,33,1000,760172.0936731154,7601.720936731153,1.0,1947.2918299327835
100,300,0.3333333333333333,3,1.0,0.01,34,1000,743953.9941935836,7439.539941935836,1.0,1909.0891143988154
100,300,0.3333333333333333,3,1.0,0.01,35,1000,735254.6768136552,7352.546768136552,0.999,2239.0342311969684
100,300,0.3333333333333333,3,1.0,0.01,36,1000,727296.4356192424,7272.964356192424,1.0,1949.757875013899
100,300,0.3333333333333333,3,1.0,0.01,37,1000,741903.5554961215,7419.035554961215,0.998,1936.606770921132
100,300,0.3333333333333333,3,1.0,0.01,38,1000,768725.7556859278,7687.257556859278,1.0,1883.97821017484
100,300,0.3333333333333333,3,1.0,0.01,39,1000,766295.4876990609,7662.95487699061,0.998,1993.5088212502305
100,300,0.3333333333333333,3,1.0,0.01,40,1000,757498.2755990598,7574.982755990598,0.913,1862.507789954799
100,300,0.3333333333333333,3,1.0,0.01,41,1000,735309.385212759,7353.09385212759,0.97,2036.1363360035045
100,300,0.3333333333333333,3,1.0,0.01,42,1000,765056.6068187167,7650.566068187168,0.995,1771.5553184399714
100,300,0.3333333333333333,3,1.0,0.01,43,1000,722921.3421717325,7229.213421717324,0.961,2034.7488965426633
100,300,0.3333333333333333,3,1.0,0.01,44,1000,759397.2481731029,7593.972481731029,0.998,1991.4113547069283
100,300,0.3333333333333333,3,1.0,0.01,45,1000,756834.3726390128,7568.343726390128,0.999,2043.0422517320658
100,300,0.3333333333333333,3,1.0,0.01,46,1000,749469.5468788653,7494.695468788654,0.872,1880.7245809470578
100,300,0.3333333333333333,3,1.0,0.01,47,1000,744827.1806593902,7448.271806593902,0.991,2053.2517886903597
100,300,0.3333333333333333,3,1.0,0.01,48,1000,711300.9209023694,7113.009209023694,1.0,2030.242171513479
100,300,0.3333333333333333,3,1.0,0.01,49,1000,737016.5656059618,7370.165656059618,1.0,1845.751305348813
100,300,0.3333333333333333,3,1.0,0.02,0,1000,840163.5273971324,8401.635273971324,0.943,1643.3953373639727
100,300,0.3333333333333333,3,1.0,0.02,1,1000,839877.230577663,8398.77230577663,0.786,1520.7272983007788
100,300,0.3333333333333333,3,1.0,0.02,2,1000,843135.310597101,8431.35310597101,0.995,1581.953647276776
100,300,0.3333333333333333,3,1.0,0.02,3,1000,841363.0603813961,8413.630603813961,0.82,1616.8072104668704
100,300,0.3333333333333333,3,1.0,0.02,4,1000,844244.8333571439,8442.44833357144,0.85,1511.2919321703573
100,300,0.3333333333333333,3,1.0,0.02,5,1000,830052.6720371114,8300.526720371114,0.984,1661.0202335325487
100,300,0.3333333333333333,3,1.0,0.02,6,1000,846363.193569823,8463.631935698231,0.997,1542.4221049844925
100,300,0.3333333333333333,3,1.0,0.02,7,1000,820587.4105316265,8205.874105316265,0.997,1520.5964608891013
100,300,0.3333333333333333,3,1.0,0.02,8,1000,846178.6132939633,8461.786132939633,0.975,1511.4782964217325
100,300,0.3333333333333333,3,1.0,0.02,9,1000,837032.8033356712,8370.328033356713,0.89,1643.2322094611752
100,300,0.3333333333333333,3,1.0,0.02,10,1000,833652.9580526067,8336.529580526067,0.997,1510.5113334795099
100,300,0.3333333333333333,3,1.0,0.02,11,1000,826446.6318482299,8264.466318482298,0.995,1696.9721366416964
100,300,0.3333333333333333,3,1.0,0.02,12,1000,850354.3432578426,8503.543432578426,0.995,1484.5739850771067
100,300,0.3333333333333333,3,1.0,0.02,13,1000,821186.4461445558,8211.864461445559,0.941,1735.6637092905244
100,300,0.3333333333333333,3,1.0,0.02,14,1000,833559.1750703682,8335.591750703683,0.997,1632.629627928348
100,300,0.3333333333333333,3,1.0,0.02,15,1000,844465.536551979,8444.65536551979,0.851,1535.2590929539654
100,300,0.3333333333333333,3,1.0,0.02,16,1000,835621.0694135021,8356.210694135021,0.672,1514.1084709148404
100,300,0.3333333333333333,3,1.0,0.02,17,1000,838808.662099374,8388.08662099374,0.975,1640.0957216455513
100,300,0.3333333333333333,3,1.0,0.02,18,1000,839744.2053526721,8397.442053526722,0.974,1601.0733229309162
100,300,0.3333333333333333,3,1.0,0.02,19,1000,833039.9087029347,8330.399087029347,1.0,1514.7521400834755
100,300,0.3333333333333333,3,1.0,0.02,20,1000,842702.8341967141,8427.028341967141,0.729,1644.6101180488554
100,300,0.3333333333333333,3,1.0,0.02,21,1000,840426.7847306511,8404.26784730651,0.735,1506.5779918922387
100,300,0.3333333333333333,3,1.0,0.02,22,1000,837211.3712283655,8372.113712283655,1.0,1485.5277081238016
100,300,0.3333333333333333,3,1.0,0.02,23,1000,844794.7806756314,8447.947806756314,0.928,1592.7953981650494
100,300,0.3333333333333333,3,1.0,0.02,24,1000,846883.5499804588,8468.835499804589,0.703,1469.0730870800728
100,300,0.3333333333333333,3,1.0,0.02,25,1000,865008.1105118576,8650.081105118576,0.832,1533.2450243492945
100,300,0.3333333333333333,3,1.0,0.02,26,1000,830550.3365385093,8305.503365385093,1.0,1612.9426412356052
100,300,0.3333333333333333,3,1.0,0.02,27,1000,840710.2776724449,8407.102776724449,0.926,1592.0728882251444
100,300,0.3333333333333333,3,1.0,0.02,28,1000,843010.6936224191,8430.10693622419,0.992,1609.296486638346
100,300,0.3333333333333333,3,1.0,0.02,29,1000,813616.6027706501,8136.1660277065,0.907,1707.4755479600274
100,300,0.3333333333333333,3,1.0,0.02,30,1000,834908.2879310662,8349.082879310663,0.999,1587.0172189633734
100,300,0.3333333333333333,3,1.0,0.02,31,1000,839991.1465058341,8399.911465058341,0.885,1547.4837485284813
100,300,0.3333333333333333,3,1.0,0.02,32,1000,843332.8252397511,8433.328252397512,0.992,1600.4748360390074
100,300,0.3333333333333333,3,1.0,0.02,33,1000,840715.1473562316,8407.151473562315,0.915,1683.4076023080509
100,300,0.3333333333333333,3,1.0,0.02,34,1000,828245.2127878884,8282.452127878883,1.0,1597.3783388419135
100,300,0.3333333333333333,3,1.0,0.02,35,1000,840988.9607949764,8409.889607949764,0.967,1507.101497602825
100,300,0.3333333333333333,3,1.0,0.02,36,1000,826622.5877499442,8266.225877499443,0.836,1542.098831812902
100,300,0.3333333333333333,3,1.0,0.02,37,1000,829826.7162240307,8298.267162240307,0.987,1443.1174852683248
100,300,0.3333333333333333,3,1.0,0.02,38,1000,839553.9383933394,8395.539383933394,0.773,1545.4956530939617
100,300,0.3333333333333333,3,1.0,0.02,39,1000,862189.1651189384,8621.891651189384,0.76,1557.336018330188
100,300,0.3333333333333333,3,1.0,0.02,40,1000,837288.9189033319,8372.889189033318,0.886,1539.7107911054034
100,300,0.3333333333333333,3,1.0,0.02,41,1000,829460.10188699,8294.6010188699,0.863,1650.246419943608
100,300,0.3333333333333333,3,1.0,0.02,42,1000,839752.0445114989,8397.52044511499,0.958,1531.114656105747
100,300,0.3333333333333333,3,1.0,0.02,43,1000,837331.4567065254,8373.314567065254,0.671,1632.6113139270929
100,300,0.3333333333333333,3,1.0,0.02,44,1000,862830.1669904273,8628.301669904273,0.94,1526.5310694242835
100,300,0.3333333333333333,3,1.0,0.02,45,1000,836899.0131080764,8368.990131080764,0.911,1482.8691111394103
100,300,0.3333333333333333,3,1.0,0.02,46,1000,836162.2432928631,8361.62243292863,0.912,1657.029082453398
100,300,0.3333333333333333,3,1.0,0.02,47,1000,842795.4829364133,8427.954829364133,0.95,1665.9063299276943
100,300,0.3333333333333333,3,1.0,0.02,48,1000,832646.3713283488,8326.463713283487,0.749,1488.6263460768162
100,300,0.3333333333333333,3,1.0,0.02,49,1000,837393.2071955398,8373.932071955398,1.0,1509.1771752479333
100,300,0.3333333333333333,3,1.0,0.03,0,1000,875466.5732950473,8754.665732950472,0.843,1386.9689242120073
100,300,0.3333333333333333,3,1.0,0.03,1,1000,883639.1402069426,8836.391402069426,0.89,1418.2153030093293
100,300,0.3333333333333333,3,1.0,0.03,2,1000,882148.5052352374,8821.485052352375,0.963,1388.1370093328856
100,300,0.3333333333333333,3,1.0,0.03,3,1000,870335.4773169578,8703.354773169578,0.988,1429.055331489633
100,300,0.3333333333333333,3,1.0,0.03,4,1000,873195.8617526547,8731.958617526547,0.905,1344.5291636609852
100,300,0.3333333333333333,3,1.0,0.03,5,1000,877358.6240612986,8773.586240612985,0.814,1406.8957327158657
100,300,0.3333333333333333,3,1.0,0.03,6,1000,881376.5297100756,8813.765297100756,0.908,1458.4555235016471
100,300,0.3333333333333333,3,1.0,0.03,7,1000,865098.1604016221,8650.98160401622,0.896,1485.2739797664976
100,300,0.3333333333333333,3,1.0,0.03,8,1000,872031.9147283154,8720.319147283155,0.908,1351.2703943491101
100,300,0.3333333333333333,3,1.0,0.03,9,1000,881052.7307336122,8810.527307336122,0.897,1437.2108792486763
100,300,0.3333333333333333,3,1.0,0.03,10,1000,879235.1266103165,8792.351266103164,0.802,1352.134459153535
100,300,0.3333333333333333,3,1.0,0.03,11,1000,858268.9142974277,8582.689142974277,0.883,1487.6101126449555
100,300,0.3333333333333333,3,1.0,0.03,12,1000,871912.5262659984,8719.125262659983,0.925,1470.0844761271
100,300,0.3333333333333333,3,1.0,0.03,13,1000,879089.0785654391,8790.89078565439,0.917,1480.6172672304738
100,300,0.3333333333333333,3,1.0,0.03,14,1000,871384.1737374075,8713.841737374076,0.893,1336.2728953580627
100,300,0.3333333333333333,3,1.0,0.03,15,1000,883135.6387233665,8831.356387233665,0.771,1346.7086209131626
100,300,0.3333333333333333,3,1.0,0.03,16,1000,869722.6974947713,8697.226974947713,0.866,1373.809831102768
100,300,0.3333333333333333,3,1.0,0.03,17,1000,876712.6486285438,8767.126486285439,0.846,1378.6213383484862
100,300,0.3333333333333333,3,1.0,0.03,18,1000,883506.1960931828,8835.061960931827,0.827,1411.6888436558743
100,300,0.3333333333333333,3,1.0,0.03,19,1000,881510.282092239,8815.10282092239,0.782,1373.6645640043776
100,300,0.3333333333333333,3,1.0,0.03,20,1000,876608.2027625269,8766.082027625269,0.839,1415.6377985356992
100,300,0.3333333333333333,3,1.0,0.03,21,1000,873922.2402123224,8739.222402123225,0.867,1510.1515981164248
100,300,0.3333333333333333,3,1.0,0.03,22,1000,864688.2475213432,8646.882475213431,0.825,1412.1529314578804
100,300,0.3333333333333333,3,1.0,0.03,23,1000,879619.1485595278,8796.191485595278,0.814,1410.6219441916876
100,300,0.3333333333333333,3,1.0,0.03,24,1000,862055.0849252978,8620.550849252977,0.991,1438.610125409255
100,300,0.3333333333333333,3,1.0,0.03,25,1000,882646.8851310555,8826.468851310556,0.868,1245.9049725799432
100,300,0.3333333333333333,3,1.0,0.03,26,1000,871536.5939075103,8715.365939075104,0.935,1424.6208253767447
100,300,0.3333333333333333,3,1.0,0.03,27,1000,874239.9916145551,8742.39991614555,0.82,1369.1296186521195
100,300,0.3333333333333333,3,1.0,0.03,28,1000,874521.834499291,8745.21834499291,0.868,1482.9309392770472
100,300,0.3333333333333333,3,1.0,0.03,29,1000,885482.8076689898,8854.828076689897,0.752,1314.118969365155
100,300,0.3333333333333333,3,1.0,0.03,30,1000,873732.2247747525,8737.322247747525,0.964,1344.3806708260588
100,300,0.3333333333333333,3,1.0,0.03,31,1000,881474.7389246318,8814.747389246319,0.854,1411.0712663871213
100,300,0.3333333333333333,3,1.0,0.03,32,1000,880388.9913519933,8803.889913519934,0.799,1375.3044330111495
100,300,0.3333333333333333,3,1.0,0.03,33,1000,873952.4178126632,8739.524178126632,0.955,1385.6400109793158
100,300,0.3333333333333333,3,1.0,0.03,34,1000,870239.1713560304,8702.391713560304,0.919,1469.9062532541525
100,300,0.3333333333333333,3,1.0,0.03,35,1000,876598.6323601019,8765.986323601019,0.878,1479.1968126528934
100,300,0.3333333333333333,3,1.0,0.03,36,1000,875030.2304071761,8750.30230407176,0.795,1476.748136805217
100,300,0.3333333333333333,3,1.0,0.03,37,1000,877257.9320577026,8772.579320577026,0.85,1387.3180152688808
100,300,0.3333333333333333,3,1.0,0.03,38,1000,882049.851338185,8820.49851338185,0.82,1319.8054412722042
100,300,0.3333333333333333,3,1.0,0.03,39,1000,893846.2601123526,8938.462601123525,0.837,1299.5607747358617
100,300,0.3333333333333333,3,1.0,0.03,40,1000,872577.7566015323,8725.777566015324,0.835,1445.3225786242463
100,300,0.3333333333333333,3,1.0,0.03,41,1000,870803.1337607634,8708.031337607634,0.819,1442.809441634475
100,300,0.3333333333333333,3,1.0,0.03,42,1000,873429.12222737,8734.2912222737,0.776,1492.0581543193782
100,300,0.3333333333333333,3,1.0,0.03,43,1000,873240.6860159055,8732.406860159055,0.898,1397.5123514761628
100,300,0.3333333333333333,3,1.0,0.03,44,1000,878434.9208630403,8784.349208630403,0.875,1361.7402986570157
100,300,0.3333333333333333,3,1.0,0.03,45,1000,877659.9687896939,8776.599687896938,0.894,1374.8652446922956
100,300,0.3333333333333333,3,1.0,0.03,46,1000,872757.7163889711,8727.577163889711,0.808,1381.898323886324
100,300,0.3333333333333333,3,1.0,0.03,47,1000,872340.1205191555,8723.401205191556,0.813,1517.6909038402518
100,300,0.3333333333333333,3,1.0,0.03,48,1000,876231.5322526328,8762.315322526329,0.756,1392.811137905409
100,300,0.3333333333333333,3,1.0,0.03,49,1000,864236.6695125805,8642.366695125806,0.987,1429.384381857538
100,300,0.3333333333333333,3,1.0,0.04,0,1000,894210.7836815515,8942.107836815514,0.89,1212.028025294773
100,300,0.3333333333333333,3,1.0,0.04,1,1000,891024.213927214,8910.24213927214,0.84,1355.4348661166796
100,300,0.3333333333333333,3,1.0,0.04,2,1000,899265.2268619522,8992.652268619522,0.847,1287.6552124210573
100,300,0.3333333333333333,3,1.0,0.04,3,1000,899367.9184520048,8993.679184520048,0.824,1272.9140669061667
100,300,0.3333333333333333,3,1.0,0.04,4,1000,882508.1729767488,8825.081729767488,0.82,1384.556336956317
100,300,0.3333333333333333,3,1.0,0.04,5,1000,879691.4712351311,8796.914712351312,0.855,1393.9917519942953
100,300,0.3333333333333333,3,1.0,0.04,6,1000,887511.928685205,8875.11928685205,0.831,1275.3838518403436
100,300,0.3333333333333333,3,1.0,0.04,7,1000,896886.6605444486,8968.866605444486,0.79,1233.3519413548493
100,300,0.3333333333333333,3,1.0,0.04,8,1000,896300.9950673414,8963.009950673413,0.815,1288.6526783799575
100,300,0.3333333333333333,3,1.0,0.04,9,1000,890709.4253926951,8907.09425392695,0.925,1414.0361005799016
100,300,0.3333333333333333,3,1.0,0.04,10,1000,890120.7699839408,8901.207699839408,0.87,1402.3477116558715
100,300,0.3333333333333333,3,1.0,0.04,11,1000,898437.1470925125,8984.371470925125,0.809,1249.8366386486473
100,300,0.3333333333333333,3,1.0,0.04,12,1000,895315.8665055728,8953.158665055727,0.846,1303.1496982944996
100,300,0.3333333333333333,3,1.0,0.04,13,1000,894803.9041589934,8948.039041589935,0.88,1287.3481531255359
100,300,0.3333333333333333,3,1.0,0.04,14,1000,884522.4748963086,8845.224748963086,0.82,1357.8539260279322
100,300,0.3333333333333333,3,1.0,0.04,15,1000,893671.593410747,8936.71593410747,0.865,1318.1613100086033
100,300,0.3333333333333333,3,1.0,0.04,16,1000,883367.0853927768,8833.670853927768,0.839,1364.9738560997916
100,300,0.3333333333333333,3,1.0,0.04,17,1000,882852.630995473,8828.52630995473,0.86,1201.9489847339144
100,300,0.3333333333333333,3,1.0,0.04,18,1000,894498.5134883275,8944.985134883274,0.903,1297.225752919362
100,300,0.3333333333333333,3,1.0,0.04,19,1000,882941.9885352622,8829.419885352621,0.991,1355.8541668795865
100,300,0.3333333333333333,3,1.0,0.04,20,1000,887459.9550077355,8874.599550077355,0.887,1275.0924512517834
100,300,0.3333333333333333,3,1.0,0.04,21,1000,891425.0856053344,8914.250856053344,0.844,1268.734558540415
100,300,0.3333333333333333,3,1.0,0.04,22,1000,887164.019097838,8871.64019097838,0.862,1336.9789270623644
100,300,0.3333333333333333,3,1.0,0.04,23,1000,897772.3864080292,8977.723864080292,0.822,1329.7713158335291
100,300,0.3333333333333333,3,1.0,0.04,24,1000,899585.4853571319,8995.85485357132,0.816,1263.2298313471977
100,300,0.3333333333333333,3,1.0,0.04,25,1000,890041.9380679807,8900.419380679807,0.856,1352.2457303966225
100,300,0.3333333333333333,3,1.0,0.04,26,1000,878896.7427745848,8788.967427745847,0.86,1363.2576934411516
100,300,0.3333333333333333,3,1.0,0.04,27,1000,891149.4918597812,8911.494918597811,0.878,1223.9880443454858
100,300,0.3333333333333333,3,1.0,0.04,28,1000,886789.4546052156,8867.894546052155,0.843,1336.8013608295712
100,300,0.3333333333333333,3,1.0,0.04,29,1000,890528.1682532124,8905.281682532124,0.886,1289.9094497147594
100,300,0.3333333333333333,3,1.0,0.04,30,1000,899464.5357725075,8994.645357725076,0.849,1261.7853835385165
100,300,0.3333333333333333,3,1.0,0.04,31,1000,895627.4596655925,8956.274596655925,0.835,1271.9913185687958
100,300,0.3333333333333333,3,1.0,0.04,32,1000,903453.9342530384,9034.539342530385,0.858,1292.5873393037439
100,300,0.3333333333333333,3,1.0,0.04,33,1000,880500.6212534198,8805.006212534197,0.849,1412.810733858277
100,300,0.3333333333333333,3,1.0,0.04,34,1000,888129.2724816942,8881.292724816942,0.908,1345.4688470201945
100,300,0.3333333333333333,3,1.0,0.04,35,1000,906048.5515697281,9060.48551569728,0.804,1287.6813519077652
100,300,0.3333333333333333,3,1.0,0.04,36,1000,885677.4803417352,8856.774803417351,0.85,1338.57818538732
100,300,0.3333333333333333,3,1.0,0.04,37,1000,881025.614232371,8810.25614232371,0.863,1312.4527341014452
100,300,0.3333333333333333,3,1.0,0.04,38,1000,887001.2215839722,8870.012215839723,0.942,1422.0946782810709
100,300,0.3333333333333333,3,1.0,0.04,39,1000,889482.6251252113,8894.826251252112,0.819,1302.8464278639908
100,300,0.3333333333333333,3,1.0,0.04,40,1000,894828.9543570424,8948.289543570425,0.868,1280.4929659697693
100,300,0.3333333333333333,3,1.0,0.04,41,1000,880608.6449124819,8806.08644912482,0.851,1383.4003477062558
100,300,0.3333333333333333,3,1.0,0.04,42,1000,889543.9430965306,8895.439430965307,0.855,1233.8087904200308
100,300,0.3333333333333333,3,1.0,0.04,43,1000,888873.8300569857,8888.738300569858,0.86,1300.4199081158147
100,300,0.3333333333333333,3,1.0,0.04,44,1000,898876.7166474245,8988.767166474245,0.835,1238.8597917503537
100,300,0.3333333333333333,3,1.0,0.04,45,1000,890678.297862484,8906.78297862484,0.801,1302.9518681986658
100,300,0.3333333333333333,3,1.0,0.04,46,1000,900434.1025699062,9004.341025699061,0.826,1211.6584159289407
100,300,0.3333333333333333,3,1.0,0.04,47,1000,894885.1145156351,8948.85114515635,0.865,1413.494769042537
100,300,0.3333333333333333,3,1.0,0.04,48,1000,885142.6856375438,8851.426856375438,0.81,1328.69832184485
100,300,0.3333333333333333,3,1.0,0.04,49,1000,885846.1962532316,8858.461962532316,0.911,1322.8290476418981
100,300,0.3333333333333333,3,1.0,0.05,0,1000,909888.5221422687,9098.885221422686,0.861,1177.4535869497515
100,300,0.3333333333333333,3,1.0,0.05,1,1000,896318.5681382968,8963.185681382969,0.85,1273.814372904201
100,300,0.3333333333333333,3,1.0,0.05,2,1000,905019.0222377126,9050.190222377127,0.889,1211.0693689843279
100,300,0.3333333333333333,3,1.0,0.05,3,1000,903831.6724431908,9038.316724431908,0.886,1246.6999089181224
100,300,0.3333333333333333,3,1.0,0.05,4,1000,896831.3661132505,8968.313661132504,0.856,1228.78991672439
100,300,0.3333333333333333,3,1.0,0.05,5,1000,904684.1999759835,9046.841999759834,0.888,1242.0033288995758
100,300,0.3333333333333333,3,1.0,0.05,6,1000,898638.8161193636,8986.388161193636,0.893,1345.73489460735
100,300,0.3333333333333333,3,1.0,0.05,7,1000,906521.9430756744,9065.219430756744,0.862,1223.4486487880317
100,300,0.3333333333333333,3,1.0,0.05,8,1000,889004.8284362701,8890.048284362701,0.943,1185.0207446568172
100,300,0.3333333333333333,3,1.0,0.05,9,1000,905045.9459985115,9050.459459985115,0.858,1310.5038476041177
100,300,0.3333333333333333,3,1.0,0.05,10,1000,900220.1383786502,9002.201383786502,0.92,1277.1200902230776
100,300,0.3333333333333333,3,1.0,0.05,11,1000,896404.9389299531,8964.049389299531,0.905,1255.844974745836
100,300,0.3333333333333333,3,1.0,0.05,12,1000,891789.4757138044,8917.894757138043,0.908,1251.3777347812947
100,300,0.3333333333333333,3,1.0,0.05,13,1000,901846.1344462427,9018.461344462426,0.885,1287.5810173208567
100,300,0.3333333333333333,3,1.0,0.05,14,1000,896832.7888204508,8968.327888204507,0.903,1227.921754934168
100,300,0.3333333333333333,3,1.0,0.05,15,1000,904492.864460959,9044.92864460959,0.85,1183.8399794407153
100,300,0.3333333333333333,3,1.0,0.05,16,1000,896054.9469284281,8960.549469284282,0.927,1297.839751519011
100,300,0.3333333333333333,3,1.0,0.05,17,1000,903630.925515587,9036.30925515587,0.855,1225.9393454216747
100,300,0.3333333333333333,3,1.0,0.05,18,1000,901490.2100323858,9014.902100323858,0.888,1219.6609854550568
100,300,0.3333333333333333,3,1.0,0.05,19,1000,897647.381796466,8976.47381796466,0.904,1232.1722302179119
100,300,0.3333333333333333,3,1.0,0.05,20,1000,898652.3075920743,8986.523075920742,0.857,1254.8969935932678
100,300,0.3333333333333333,3,1.0,0.05,21,1000,894015.9305154003,8940.159305154002,0.909,1244.5621894141025
100,300,0.3333333333333333,3,1.0,0.05,22,1000,896462.4566886234,8964.624566886234,0.936,1246.7874505626185
100,300,0.3333333333333333,3,1.0,0.05,23,1000,906742.650063914,9067.42650063914,0.857,1265.654463111309
100,300,0.3333333333333333,3,1.0,0.05,24,1000,896187.1815353098,8961.871815353097,0.934,1274.475530893603
100,300,0.3333333333333333,3,1.0,0.05,25,1000,902488.1135108565,9024.881135108566,0.863,1262.1625976680014
100,300,0.3333333333333333,3,1.0,0.05,26,1000,897077.8573725452,8970.778573725453,0.891,1221.117794038047
100,300,0.3333333333333333,3,1.0,0.05,27,1000,898282.8029242385,8982.828029242384,0.935,1253.803041837061
100,300,0.3333333333333333,3,1.0,0.05,28,1000,896682.0104451529,8966.820104451528,0.886,1280.4074284400356
100,300,0.3333333333333333,3,1.0,0.05,29,1000,907125.7419641755,9071.257419641755,0.876,1177.9735160937487
100,300,0.3333333333333333,3,1.0,0.05,30,1000,895117.4133454711,8951.174133454711,0.909,1227.9595549455626
100,300,0.3333333333333333,3,1.0,0.05,31,1000,894197.0495174348,8941.970495174348,0.902,1226.9683099389092
100,300,0.3333333333333333,3,1.0,0.05,32,1000,899941.9182593058,8999.419182593057,0.922,1259.3433827480712
100,300,0.3333333333333333,3,1.0,0.05,33,1000,897387.4803365875,8973.874803365876,0.875,1250.4804446726987
100,300,0.3333333333333333,3,1.0,0.05,34,1000,894250.9068723071,8942.509068723071,0.884,1188.314894135317
100,300,0.3333333333333333,3,1.0,0.05,35,1000,899196.0764301693,8991.960764301693,0.955,1234.2270123057642
100,300,0.3333333333333333,3,1.0,0.05,36,1000,896616.4598303466,8966.164598303467,0.879,1238.386694159407
100,300,0.3333333333333333,3,1.0,0.05,37,1000,893238.9295732934,8932.389295732934,0.957,1306.9303869782232
100,300,0.3333333333333333,3,1.0,0.05,38,1000,902365.352829775,9023.65352829775,0.883,1271.3577913390952
100,300,0.3333333333333333,3,1.0,0.05,39,1000,900218.7772828012,9002.187772828012,0.841,1150.942870869355
100,300,0.3333333333333333,3,1.0,0.05,40,1000,901024.3808788321,9010.24380878832,0.894,1320.2058091058525
100,300,0.3333333333333333,3,1.0,0.05,41,1000,895804.1949817522,8958.041949817522,0.879,1275.5373337653418
100,300,0.3333333333333333,3,1.0,0.05,42,1000,891666.0531267256,8916.660531267256,0.873,1231.177574581157
100,300,0.3333333333333333,3,1.0,0.05,43,1000,896736.1139127874,8967.361139127874,0.875,1199.8510904718999
100,300,0.3333333333333333,3,1.0,0.05,44,1000,898171.7864862867,8981.717864862867,0.878,1302.057710420389
100,300,0.3333333333333333,3,1.0,0.05,45,1000,890886.5441854808,8908.865441854809,0.872,1306.6783827580691
100,300,0.3333333333333333,3,1.0,0.05,46,1000,899821.814984279,8998.218149842789,0.87,1233.471772850477
100,300,0.3333333333333333,3,1.0,0.05,47,1000,902013.5084996326,9020.135084996326,0.869,1256.4077186890365
100,300,0.3333333333333333,3,1.0,0.05,48,1000,899864.6660145846,8998.646660145845,0.93,1197.218614583667
100,300,0.3333333333333333,3,1.0,0.05,49,1000,895271.6316811736,8952.716316811735,0.863,1271.9700769274173
100,300,0.3333333333333333,3,1.0,0.06,0,1000,901772.6319871129,9017.72631987113,0.918,1184.0390761538856
100,300,0.3333333333333333,3,1.0,0.06,1,1000,895879.4391410403,8958.794391410403,0.921,1176.6816828016995
100,300,0.3333333333333333,3,1.0,0.06,2,1000,906135.7538024345,9061.357538024346,0.942,1139.3305341030073
100,300,0.3333333333333333,3,1.0,0.06,3,1000,902534.965898274,9025.34965898274,0.91,1204.8455815843188
100,300,0.3333333333333333,3,1.0,0.06,4,1000,904261.6227606832,9042.616227606832,0.906,1197.366542346369
100,300,0.3333333333333333,3,1.0,0.06,5,1000,904534.8123503708,9045.348123503709,0.907,1228.2258479171303
100,300,0.3333333333333333,3,1.0,0.06,6,1000,899934.1512192865,8999.341512192865,0.902,1227.1131166578223
100,300,0.3333333333333333,3,1.0,0.06,7,1000,904467.2643211656,9044.672643211656,0.906,1199.2265666700923
100,300,0.3333333333333333,3,1.0,0.06,8,1000,899254.1788630666,8992.541788630666,0.919,1195.7898398812608
100,300,0.3333333333333333,3,1.0,0.06,9,1000,909586.7963799778,9095.867963799777,0.915,1256.3599798700777
100,300,0.3333333333333333,3,1.0,0.06,10,1000,903368.8429692835,9033.688429692835,0.909,1215.4944191622515
100,300,0.3333333333333333,3,1.0,0.06,11,1000,900106.6323445059,9001.066323445059,0.919,1206.7990732961875
100,300,0.3333333333333333,3,1.0,0.06,12,1000,899434.6589636062,8994.346589636063,0.919,1207.924708018959
100,300,0.3333333333333333,3,1.0,0.06,13,1000,899835.213401022,8998.35213401022,0.943,1177.338814907822
100,300,0.3333333333333333,3,1.0,0.06,14,1000,908603.1711734909,9086.03171173491,0.906,1198.1462384155764
100,300,0.3333333333333333,3,1.0,0.06,15,1000,902805.0947097994,9028.050947097994,0.908,1284.1927763645272
100,300,0.3333333333333333,3,1.0,0.06,16,1000,903903.6058399202,9039.036058399202,0.937,1160.9587990207365
100,300,0.3333333333333333,3,1.0,0.06,17,1000,901875.0760492904,9018.750760492903,0.88,1249.2448938385814
100,300,0.3333333333333333,3,1.0,0.06,18,1000,901230.342739622,9012.30342739622,0.916,1274.4646374995523
100,300,0.3333333333333333,3,1.0,0.06,19,1000,899092.0707840886,8990.920707840885,0.907,1211.2865434412902
100,300,0.3333333333333333,3,1.0,0.06,20,1000,901174.2967584722,9011.742967584722,0.923,1200.9842718548716
100,300,0.3333333333333333,3,1.0,0.06,21,1000,904352.9405038173,9043.529405038173,0.918,1163.4384687861957
100,300,0.3333333333333333,3,1.0,0.06,22,1000,900446.3139148087,9004.463139148087,0.903,1213.9133563388893
100,300,0.3333333333333333,3,1.0,0.06,23,1000,900264.6441800462,9002.646441800462,0.92,1213.1943276042243
100,300,0.3333333333333333,3,1.0,0.06,24,1000,897106.4682821016,8971.064682821016,0.924,1211.2202296462765
100,300,0.3333333333333333,3,1.0,0.06,25,1000,909735.0129688589,9097.35012968859,0.88,1184.589512606335
100,300,0.3333333333333333,3,1.0,0.06,26,1000,889508.4000923132,8895.084000923132,0.929,1221.635169457912
100,300,0.3333333333333333,3,1.0,0.06,27,1000,906502.3512584206,9065.023512584206,0.931,1253.8866576335054
100,300,0.3333333333333333,3,1.0,0.06,28,1000,904549.6666570819,9045.49666657082,0.898,1223.5153255485757
100,300,0.3333333333333333,3,1.0,0.06,29,1000,898555.6011903918,8985.556011903918,0.908,1197.1680281913002
100,300,0.3333333333333333,3,1.0,0.06,30,1000,902832.5468980871,9028.325468980871,0.907,1217.5466011729593
100,300,0.3333333333333333,3,1.0,0.06,31,1000,897044.9680761816,8970.449680761816,0.927,1194.497746302985
100,300,0.3333333333333333,3,1.0,0.06,32,1000,902716.5138365033,9027.165138365033,0.875,1221.1758473485213
100,300,0.3333333333333333,3,1.0,0.06,33,1000,900327.716733147,9003.277167331471,0.888,1257.1745360636023
100,300,0.3333333333333333,3,1.0,0.06,34,1000,900364.545438773,9003.64545438773,0.898,1168.3479088036283
100,300,0.3333333333333333,3,1.0,0.06,35,1000,898537.2924624099,8985.3729246241,0.961,1183.3722095712253
100,300,0.3333333333333333,3,1.0,0.06,36,1000,900096.046407962,9000.96046407962,0.905,1180.6482105510902
100,300,0.3333333333333333,3,1.0,0.06,37,1000,904220.07874568,9042.2007874568,0.905,1239.463736970857
100,300,0.3333333333333333,3,1.0,0.06,38,1000,899547.5118543829,8995.475118543829,0.906,1201.0719849212962
100,300,0.3333333333333333,3,1.0,0.06,39,1000,902622.3257966073,9026.223257966072,0.924,1176.9815006654994
100,300,0.3333333333333333,3,1.0,0.06,40,1000,905261.1286090191,9052.61128609019,0.916,1208.401846521882
100,300,0.3333333333333333,3,1.0,0.06,41,1000,898854.5473245507,8988.545473245507,0.93,1212.3085013668676
100,300,0.3333333333333333,3,1.0,0.06,42,1000,896716.2009921828,8967.162009921829,0.903,1199.3554876764613
100,300,0.3333333333333333,3,1.0,0.06,43,1000,895657.2267388889,8956.572267388889,0.903,1310.3805077558916
100,300,0.3333333333333333,3,1.0,0.06,44,1000,903551.7376909929,9035.51737690993,0.906,1176.6849477014443
100,300,0.3333333333333333,3,1.0,0.06,45,1000,900526.8031911296,9005.268031911295,0.906,1220.5524504571576
100,300,0.3333333333333333,3,1.0,0.06,46,1000,904960.1846137446,9049.601846137446,0.924,1205.0645266371266
100,300,0.3333333333333333,3,1.0,0.06,47,1000,900199.6778737664,9001.996778737664,0.921,1194.3779957219865
100,300,0.3333333333333333,3,1.0,0.06,48,1000,901870.9884836858,9018.709884836857,0.927,1247.9096378187453
100,300,0.3333333333333333,3,1.0,0.06,49,1000,903570.9867442766,9035.709867442765,0.904,1199.0048811781458
100,300,0.3333333333333333,3,1.0,0.07,0,1000,898997.3164206868,8989.973164206867,0.933,1176.832780126846
100,300,0.3333333333333333,3,1.0,0.07,1,1000,900915.9500985972,9009.159500985972,0.93,1233.9216331581488
100,300,0.3333333333333333,3,1.0,0.07,2,1000,909309.7725726668,9093.097725726668,0.927,1105.4705173238672
100,300,0.3333333333333333,3,1.0,0.07,3,1000,900739.2486950158,9007.392486950157,0.939,1190.9296255011354
100,300,0.3333333333333333,3,1.0,0.07,4,1000,901231.490494888,9012.31490494888,0.939,1145.097341175167
100,300,0.3333333333333333,3,1.0,0.07,5,1000,908467.0131603276,9084.670131603276,0.931,1183.5798870307276
100,300,0.3333333333333333,3,1.0,0.07,6,1000,900907.0908532832,9009.070908532833,0.98,1113.303563929644
100,300,0.3333333333333333,3,1.0,0.07,7,1000,903218.4565626214,9032.184565626214,0.925,1152.6149264459066
100,300,0.3333333333333333,3,1.0,0.07,8,1000,894498.5421285602,8944.985421285603,0.938,1096.339162768352
100,300,0.3333333333333333,3,1.0,0.07,9,1000,902713.4896428869,9027.13489642887,0.944,1148.2104265977314
100,300,0.3333333333333333,3,1.0,0.07,10,1000,895309.4872055411,8953.094872055412,0.962,1188.4668985363453
100,300,0.3333333333333333,3,1.0,0.07,11,1000,898952.5912508067,8989.525912508067,0.947,1200.866153112863
100,300,0.3333333333333333,3,1.0,0.07,12,1000,902411.6786136377,9024.116786136377,0.948,1158.4107803257216
100,300,0.3333333333333333,3,1.0,0.07,13,1000,903954.7836502888,9039.547836502888,0.932,1113.4849385803172
100,300,0.3333333333333333,3,1.0,0.07,14,1000,904239.2712691774,9042.392712691775,0.939,1194.6157423266025
100,300,0.3333333333333333,3,1.0,0.07,15,1000,900258.8019341623,9002.588019341623,0.929,1195.8479795927913
100,300,0.3333333333333333,3,1.0,0.07,16,1000,902209.3138907901,9022.093138907901,0.933,1198.6674484155294
100,300,0.3333333333333333,3,1.0,0.07,17,1000,898681.7449906793,8986.817449906794,0.953,1168.8321687302346
100,300,0.3333333333333333,3,1.0,0.07,18,1000,903134.5706643211,9031.345706643211,0.939,1187.2507864415275
100,300,0.3333333333333333,3,1.0,0.07,19,1000,896081.7566505845,8960.817566505844,0.956,1181.3088350188432
100,300,0.3333333333333333,3,1.0,0.07,20,1000,897021.0302308982,8970.210302308982,0.942,1178.9191746172498
100,300,0.3333333333333333,3,1.0,0.07,21,1000,907424.7806773266,9074.247806773266,0.94,1145.896724945767
100,300,0.3333333333333333,3,1.0,0.07,22,1000,900411.8572615327,9004.118572615327,0.934,1134.4309009314334
100,300,0.3333333333333333,3,1.0,0.07,23,1000,905008.7426883314,9050.087426883314,0.926,1158.8529710103314
100,300,0.3333333333333333,3,1.0,0.07,24,1000,901073.718102131,9010.73718102131,0.929,1163.1735911392125
100,300,0.3333333333333333,3,1.0,0.07,25,1000,904289.2483235575,9042.892483235575,0.942,1161.2137957602195
100,300,0.3333333333333333,3,1.0,0.07,26,1000,894839.0233988765,8948.390233988765,0.928,1193.8755513210735
100,300,0.3333333333333333,3,1.0,0.07,27,1000,902175.3416386367,9021.753416386367,0.939,1222.9120757097862
100,300,0.3333333333333333,3,1.0,0.07,28,1000,906846.2014091719,9068.46201409172,0.92,1151.8996919502142
100,300,0.3333333333333333,3,1.0,0.07,29,1000,904579.103306052,9045.791033060521,0.93,1156.9225434640318
100,300,0.3333333333333333,3,1.0,0.07,30,1000,894318.6276190651,8943.18627619065,0.965,1230.4456207975481
100,300,0.3333333333333333,3,1.0,0.07,31,1000,902478.5388950958,9024.785388950959,0.931,1164.2326981969204
100,300,0.3333333333333333,3,1.0,0.07,32,1000,900828.0258443813,9008.280258443812,0.946,1174.6147914208295
100,300,0.3333333333333333,3,1.0,0.07,33,1000,897027.7406331907,8970.277406331907,0.927,1203.9187367865363
100,300,0.3333333333333333,3,1.0,0.07,34,1000,903930.938970487,9039.30938970487,0.914,1153.1011244013664
100,300,0.3333333333333333,3,1.0,0.07,35,1000,903673.7680024052,9036.737680024053,0.942,1131.1492269119146
100,300,0.3333333333333333,3,1.0,0.07,36,1000,903571.7023110208,9035.717023110208,0.937,1205.114037281698
100,300,0.3333333333333333,3,1.0,0.07,37,1000,898996.0610529947,8989.960610529946,0.95,1164.0108681975998
100,300,0.3333333333333333,3,1.0,0.07,38,1000,910669.8555860977,9106.698555860978,0.916,1182.6723209448744
100,300,0.3333333333333333,3,1.0,0.07,39,1000,901321.3451056251,9013.213451056252,0.908,1185.9806877769875
100,300,0.3333333333333333,3,1.0,0.07,40,1000,899595.2871620017,8995.952871620017,0.923,1176.8573401282638
100,300,0.3333333333333333,3,1.0,0.07,41,1000,902935.558969632,9029.35558969632,0.925,1179.7502961322614
100,300,0.3333333333333333,3,1.0,0.07,42,1000,904549.3001410444,9045.493001410445,0.932,1141.0401917466554
100,300,0.3333333333333333,3,1.0,0.07,43,1000,904496.79395784,9044.967939578399,0.924,1186.532550921268
100,300,0.3333333333333333,3,1.0,0.07,44,1000,903083.552063273,9030.83552063273,0.918,1159.1602295813432
100,300,0.3333333333333333,3,1.0,0.07,45,1000,901943.2378670797,9019.432378670797,0.939,1185.7688628680362
100,300,0.3333333333333333,3,1.0,0.07,46,1000,900356.4852989432,9003.564852989432,0.944,1167.6473615424522
100,300,0.3333333333333333,3,1.0,0.07,47,1000,903564.7128402413,9035.647128402412,0.961,1151.7126747710595
100,300,0.3333333333333333,3,1.0,0.07,48,1000,899888.8562864453,8998.888562864453,0.955,1149.2570952099873
100,300,0.3333333333333333,3,1.0,0.07,49,1000,897571.2237858783,8975.712237858783,0.934,1195.1148682107787
100,300,0.3333333333333333,3,1.0,0.08,0,1000,890236.3779298561,8902.363779298561,0.953,1092.4441088471287
100,300,0.3333333333333333,3,1.0,0.08,1,1000,903743.4700577349,9037.434700577349,0.941,1175.0428484317715
100,300,0.3333333333333333,3,1.0,0.08,2,1000,902356.4821931728,9023.564821931728,0.955,1131.7632002575965
100,300,0.3333333333333333,3,1.0,0.08,3,1000,897984.8621265222,8979.848621265222,0.955,1114.7368517989496
100,300,0.3333333333333333,3,1.0,0.08,4,1000,897912.8383343741,8979.128383343741,0.951,1146.4557229796267
100,300,0.3333333333333333,3,1.0,0.08,5,1000,895621.9441139633,8956.219441139632,0.966,1103.7504317179244
100,300,0.3333333333333333,3,1.0,0.08,6,1000,895979.7247575135,8959.797247575136,0.948,1156.861693636645
100,300,0.3333333333333333,3,1.0,0.08,7,1000,899361.180464724,8993.61180464724,0.955,1148.010144096308
100,300,0.3333333333333333,3,1.0,0.08,8,1000,901647.0079464352,9016.470079464352,0.941,1167.3644344491818
100,300,0.3333333333333333,3,1.0,0.08,9,1000,901326.233768004,9013.26233768004,0.97,1184.4528665059347
100,300,0.3333333333333333,3,1.0,0.08,10,1000,899804.9982851765,8998.049982851764,0.944,1148.8675747340053
100,300,0.3333333333333333,3,1.0,0.08,11,1000,896098.2702134249,8960.98270213425,0.949,1121.5190898093235
100,300,0.3333333333333333,3,1.0,0.08,12,1000,900690.2236931989,9006.902236931988,0.958,1142.5549095878025
100,300,0.3333333333333333,3,1.0,0.08,13,1000,898599.1422552861,8985.991422552861,0.956,1100.159154831231
100,300,0.3333333333333333,3,1.0,0.08,14,1000,897483.9103350939,8974.839103350938,0.965,1159.409227932522
100,300,0.3333333333333333,3,1.0,0.08,15,1000,899590.5503488245,8995.905503488244,0.959,1135.5529906739168
100,300,0.3333333333333333,3,1.0,0.08,16,1000,899139.4871581998,8991.394871581997,0.951,1127.756254529356
100,300,0.3333333333333333,3,1.0,0.08,17,1000,901244.8363119811,9012.44836311981,0.951,1151.2329598071965
100,300,0.3333333333333333,3,1.0,0.08,18,1000,897431.31332214,8974.3131332214,0.961,1121.8047167779293
100,300,0.3333333333333333,3,1.0,0.08,19,1000,899233.3965549009,8992.333965549009,0.953,1124.0832630560953
100,300,0.3333333333333333,3,1.0,0.08,20,1000,899164.0970588104,8991.640970588103,0.951,1176.1740277329134
100,300,0.3333333333333333,3,1.0,0.08,21,1000,903449.7783077505,9034.497783077504,0.956,1189.1924585926638
100,300,0.3333333333333333,3,1.0,0.08,22,1000,902567.7598860749,9025.67759886075,0.94,1144.9361118398992
100,300,0.3333333333333333,3,1.0,0.08,23,1000,899756.1851919432,8997.561851919432,0.951,1170.887968132908
100,300,0.3333333333333333,3,1.0,0.08,24,1000,900666.3495751701,9006.663495751702,0.952,1166.6568811412533
100,300,0.3333333333333333,3,1.0,0.08,25,1000,899069.6822208171,8990.69682220817,0.951,1178.9946630808013
100,300,0.3333333333333333,3,1.0,0.08,26,1000,902639.7574534812,9026.397574534813,0.953,1108.4489978664528
100,300,0.3333333333333333,3,1.0,0.08,27,1000,899791.4403680438,8997.91440368044,0.96,1158.1089881060552
100,300,0.3333333333333333,3,1.0,0.08,28,1000,894865.240463244,8948.652404632441,0.955,1169.8220397830084
100,300,0.3333333333333333,3,1.0,0.08,29,1000,897099.2611879348,8970.992611879348,0.961,1173.7542841850511
100,300,0.3333333333333333,3,1.0,0.08,30,1000,898779.845632077,8987.79845632077,0.944,1200.3113814735054
100,300,0.3333333333333333,3,1.0,0.08,31,1000,903095.4498726319,9030.95449872632,0.95,1136.8868023271393
100,300,0.3333333333333333,3,1.0,0.08,32,1000,899184.0021391906,8991.840021391905,0.937,1182.385020279915
100,300,0.3333333333333333,3,1.0,0.08,33,1000,893801.1827344232,8938.011827344231,0.946,1207.551756597537
100,300,0.3333333333333333,3,1.0,0.08,34,1000,895266.6003857398,8952.666003857397,0.952,1134.9394877631673
100,300,0.3333333333333333,3,1.0,0.08,35,1000,899802.3240047094,8998.023240047094,0.935,1153.5444734046575
100,300,0.3333333333333333,3,1.0,0.08,36,1000,897063.3705805559,8970.633705805558,0.967,1122.4560368406778
100,300,0.3333333333333333,3,1.0,0.08,37,1000,894636.0484693914,8946.360484693914,0.958,1123.0128293769583
100,300,0.3333333333333333,3,1.0,0.08,38,1000,898530.012891871,8985.30012891871,0.979,1129.691063981727
100,300,0.3333333333333333,3,1.0,0.08,39,1000,901371.0918435173,9013.710918435172,0.947,1141.776396033534
100,300,0.3333333333333333,3,1.0,0.08,40,1000,894249.6553348942,8942.496553348941,0.964,1093.798097471421
100,300,0.3333333333333333,3,1.0,0.08,41,1000,896237.446530162,8962.37446530162,0.943,1197.2365897592892
100,300,0.3333333333333333,3,1.0,0.08,42,1000,893767.3944238315,8937.673944238315,0.949,1149.701777550505
100,300,0.3333333333333333,3,1.0,0.08,43,1000,901667.4216708376,9016.674216708376,0.953,1147.7352996230752
100,300,0.3333333333333333,3,1.0,0.08,44,1000,897251.0939278245,8972.510939278245,0.953,1139.0264312208742
100,300,0.3333333333333333,3,1.0,0.08,45,1000,905128.5121709888,9051.285121709889,0.957,1112.998961017902
100,300,0.3333333333333333,3,1.0,0.08,46,1000,899015.2407273389,8990.15240727339,0.956,1145.4652654885788
100,300,0.3333333333333333,3,1.0,0.08,47,1000,898752.1241863575,8987.521241863575,0.948,1139.197609655142
100,300,0.3333333333333333,3,1.0,0.08,48,1000,894330.4968996544,8943.304968996545,0.949,1191.9212604211862
100,300,0.3333333333333333,3,1.0,0.08,49,1000,898925.0487657618,8989.250487657619,0.943,1173.0930857835308
100,300,0.3333333333333333,3,1.0,0.09,0,1000,891290.9263920301,8912.9092639203,0.973,1131.1963407519045
100,300,0.3333333333333333,3,1.0,0.09,1,1000,897018.5186979376,8970.185186979375,0.965,1134.6551874751137
100,300,0.3333333333333333,3,1.0,0.09,2,1000,898505.8567418908,8985.058567418908,0.972,1118.3439042307696
100,300,0.3333333333333333,3,1.0,0.09,3,1000,897384.5911441119,8973.84591144112,0.969,1101.6394623033857
100,300,0.3333333333333333,3,1.0,0.09,4,1000,898570.5565823198,8985.705565823198,0.969,1109.0237817033658
100,300,0.3333333333333333,3,1.0,0.09,5,1000,899492.1879917034,8994.921879917034,0.977,1100.0130716490698
100,300,0.3333333333333333,3,1.0,0.09,6,1000,895798.7968978202,8957.987968978203,0.965,1094.028151623033
100,300,0.3333333333333333,3,1.0,0.09,7,1000,898266.1082035317,8982.661082035316,0.974,1088.9756130975093
100,300,0.3333333333333333,3,1.0,0.09,8,1000,894354.8668857237,8943.548668857236,0.977,1154.2752707735804
100,300,0.3333333333333333,3,1.0,0.09,9,1000,895881.0286854417,8958.810286854417,0.971,1126.164645413565
100,300,0.3333333333333333,3,1.0,0.09,10,1000,898853.3569179955,8988.533569179956,0.974,1115.805868322688
100,300,0.3333333333333333,3,1.0,0.09,11,1000,895065.2999041564,8950.652999041564,0.969,1198.7550902201483
100,300,0.3333333333333333,3,1.0,0.09,12,1000,898763.5578577041,8987.635578577041,0.983,1075.5618336196974
100,300,0.3333333333333333,3,1.0,0.09,13,1000,892117.2326121118,8921.17232612112,0.978,1131.6999110760594
100,300,0.3333333333333333,3,1.0,0.09,14,1000,893105.4322390191,8931.054322390191,0.971,1149.9704406983822
100,300,0.3333333333333333,3,1.0,0.09,15,1000,895441.2999171776,8954.412999171776,0.969,1096.8213910548404
100,300,0.3333333333333333,3,1.0,0.09,16,1000,894104.0947489452,8941.040947489451,0.972,1125.0338021288524
100,300,0.3333333333333333,3,1.0,0.09,17,1000,894267.4684407956,8942.674684407955,0.966,1144.064980391808
100,300,0.3333333333333333,3,1.0,0.09,18,1000,894467.5376909779,8944.67537690978,0.962,1102.3536044387258
100,300,0.3333333333333333,3,1.0,0.09,19,1000,898304.1638724073,8983.041638724073,0.962,1106.78304834137
100,300,0.3333333333333333,3,1.0,0.09,20,1000,898987.0390698719,8989.87039069872,0.959,1132.1923686969426
100,300,0.3333333333333333,3,1.0,0.09,21,1000,896534.4256770376,8965.344256770375,0.972,1105.745561385087
100,300,0.3333333333333333,3,1.0,0.09,22,1000,902465.3969993363,9024.653969993364,0.955,1147.1248419854026
100,300,0.3333333333333333,3,1.0,0.09,23,1000,899841.5595497519,8998.41559549752,0.974,1113.0250368013956
100,300,0.3333333333333333,3,1.0,0.09,24,1000,895041.5526318571,8950.415526318571,0.961,1148.5425952874475
100,300,0.3333333333333333,3,1.0,0.09,25,1000,896223.0744733713,8962.230744733713,0.984,1062.7546925064428
100,300,0.3333333333333333,3,1.0,0.09,26,1000,895603.903759082,8956.03903759082,0.96,1127.6842124440022
100,300,0.3333333333333333,3,1.0,0.09,27,1000,896430.1956681942,8964.301956681942,0.969,1131.025783427379
100,300,0.3333333333333333,3,1.0,0.09,28,1000,897980.5434733131,8979.80543473313,0.966,1108.5750961897595
100,300,0.3333333333333333,3,1.0,0.09,29,1000,898875.0722946522,8988.750722946523,0.974,1094.6770536169427
100,300,0.3333333333333333,3,1.0,0.09,30,1000,897058.5448396618,8970.585448396618,0.974,1071.2871283660768
100,300,0.3333333333333333,3,1.0,0.09,31,1000,893411.7839462529,8934.11783946253,0.965,1100.926370728055
100,300,0.3333333333333333,3,1.0,0.09,32,1000,897981.188731699,8979.81188731699,0.965,1162.3611847160641
100,300,0.3333333333333333,3,1.0,0.09,33,1000,893458.2106312112,8934.582106312111,0.961,1178.0842826756782
100,300,0.3333333333333333,3,1.0,0.09,34,1000,897171.2505855048,8971.712505855048,0.952,1134.0778471940284
100,300,0.3333333333333333,3,1.0,0.09,35,1000,893900.6433013903,8939.006433013903,0.957,1117.115608526597
100,300,0.3333333333333333,3,1.0,0.09,36,1000,897743.3070175248,8977.433070175248,0.96,1134.5244389691502
100,300,0.3333333333333333,3,1.0,0.09,37,1000,898126.9099158606,8981.269099158606,0.959,1135.6656405686538
100,300,0.3333333333333333,3,1.0,0.09,38,1000,897561.0586931297,8975.610586931296,0.97,1117.3661481789436
100,300,0.3333333333333333,3,1.0,0.09,39,1000,895112.6031613571,8951.12603161357,0.977,1132.138586286436
100,300,0.3333333333333333,3,1.0,0.09,40,1000,892674.5164258102,8926.745164258102,0.965,1114.2203254914446
100,300,0.3333333333333333,3,1.0,0.09,41,1000,894148.9218995048,8941.489218995048,0.964,1126.8651006924176
100,300,0.3333333333333333,3,1.0,0.09,42,1000,899556.8244072488,8995.568244072487,0.972,1075.384071183717
100,300,0.3333333333333333,3,1.0,0.09,43,1000,897805.5829174655,8978.055829174655,0.959,1136.8336975022662
100,300,0.3333333333333333,3,1.0,0.09,44,1000,897769.9069106942,8977.699069106942,0.957,1124.5345399371063
100,300,0.3333333333333333,3,1.0,0.09,45,1000,896132.4267481168,8961.324267481168,0.955,1134.3131582681422
100,300,0.3333333333333333,3,1.0,0.09,46,1000,897782.9119847314,8977.829119847314,0.961,1116.344948753052
100,300,0.3333333333333333,3,1.0,0.09,47,1000,899565.5217948336,8995.655217948335,0.958,1136.8796645955163
100,300,0.3333333333333333,3,1.0,0.09,48,1000,894081.9688060953,8940.819688060954,0.965,1112.5044009566627
100,300,0.3333333333333333,3,1.0,0.09,49,1000,895174.0497694244,8951.740497694243,0.96,1140.5453306587906
100,300,0.3333333333333333,3,1.0,0.1,0,1000,891809.2964924626,8918.092964924626,0.981,1081.0678327703588
100,300,0.3333333333333333,3,1.0,0.1,1,1000,896060.8158129994,8960.608158129993,0.969,1084.9357235857708
100,300,0.3333333333333333,3,1.0,0.1,2,1000,893088.844477763,8930.88844477763,0.979,1058.4249740627085
100,300,0.3333333333333333,3,1.0,0.1,3,1000,891773.4166553277,8917.734166553277,0.974,1085.7836487953196
100,300,0.3333333333333333,3,1.0,0.1,4,1000,888729.0013510413,8887.290013510412,0.97,1093.247182467191
100,300,0.3333333333333333,3,1.0,0.1,5,1000,894251.4475960798,8942.514475960797,0.978,1073.2662707462591
100,300,0.3333333333333333,3,1.0,0.1,6,1000,888491.2953092807,8884.912953092808,0.985,1095.219665404128
100,300,0.3333333333333333,3,1.0,0.1,7,1000,896781.0403898478,8967.810403898478,0.979,1093.6447869091346
100,300,0.3333333333333333,3,1.0,0.1,8,1000,889928.0107206099,8899.2801072061,0.978,1097.9797440224909
100,300,0.3333333333333333,3,1.0,0.1,9,1000,896792.5780197395,8967.925780197394,0.973,1055.732173495685
100,300,0.3333333333333333,3,1.0,0.1,10,1000,892778.4121275659,8927.78412127566,0.986,1107.556143582898
100,300,0.3333333333333333,3,1.0,0.1,11,1000,894582.262177135,8945.822621771349,0.973,1105.011976032958
100,300,0.3333333333333333,3,1.0,0.1,12,1000,891876.4533589496,8918.764533589496,0.977,1094.1186236768287
100,300,0.3333333333333333,3,1.0,0.1,13,1000,894994.806533546,8949.94806533546,0.97,1080.9700329767654
100,300,0.3333333333333333,3,1.0,0.1,14,1000,891195.3752803765,8911.953752803765,0.976,1098.3350557938134
100,300,0.3333333333333333,3,1.0,0.1,15,1000,893250.7977129099,8932.507977129098,0.97,1067.1724200074962
100,300,0.3333333333333333,3,1.0,0.1,16,1000,895205.0890222413,8952.050890222414,0.97,1068.5148958195525
100,300,0.3333333333333333,3,1.0,0.1,17,1000,895016.3496158371,8950.163496158371,0.976,1101.4213961097164
100,300,0.3333333333333333,3,1.0,0.1,18,1000,891203.0288640669,8912.03028864067,0.974,1051.535937848838
100,300,0.3333333333333333,3,1.0,0.1,19,1000,891500.2353800772,8915.002353800772,0.983,1084.7594163708534
100,300,0.3333333333333333,3,1.0,0.1,20,1000,892174.2710711744,8921.742710711744,0.973,1091.6919387555026
100,300,0.3333333333333333,3,1.0,0.1,21,1000,890569.6710272286,8905.696710272287,0.982,1067.1027243772198
100,300,0.3333333333333333,3,1.0,0.1,22,1000,894627.7546181368,8946.277546181367,0.973,1106.8351074352404
100,300,0.3333333333333333,3,1.0,0.1,23,1000,891575.1280900523,8915.751280900522,0.976,1118.4096871460727
100,300,0.3333333333333333,3,1.0,0.1,24,1000,893031.0570365607,8930.310570365607,0.973,1116.3452304434288
100,300,0.3333333333333333,3,1.0,0.1,25,1000,892468.3147025355,8924.683147025355,0.979,1140.351706784824
100,300,0.3333333333333333,3,1.0,0.1,26,1000,887211.8807377251,8872.11880737725,0.979,1071.6063673989731
100,300,0.3333333333333333,3,1.0,0.1,27,1000,887644.239309529,8876.442393095289,0.986,1126.1087490764455
100,300,0.3333333333333333,3,1.0,0.1,28,1000,892976.6190236277,8929.766190236278,0.975,1104.1117338380816
100,300,0.3333333333333333,3,1.0,0.1,29,1000,899965.9043969491,8999.659043969492,0.974,1055.5109574238613
100,300,0.3333333333333333,3,1.0,0.1,30,1000,888692.3236115028,8886.923236115028,0.983,1099.0202255611277
100,300,0.3333333333333333,3,1.0,0.1,31,1000,892677.9179636104,8926.779179636103,0.968,1087.9730314375302
100,300,0.3333333333333333,3,1.0,0.1,32,1000,893646.9339640774,8936.469339640775,0.968,1123.11059207692
100,300,0.3333333333333333,3,1.0,0.1,33,1000,889336.7898846555,8893.367898846554,0.977,1136.2920842328554
100,300,0.3333333333333333,3,1.0,0.1,34,1000,894384.9361084343,8943.849361084343,0.972,1159.9510842544837
100,300,0.3333333333333333,3,1.0,0.1,35,1000,895064.458820965,8950.64458820965,0.978,1084.7753047029073
100,300,0.3333333333333333,3,1.0,0.1,36,1000,894365.5135250348,8943.655135250348,0.972,1106.732221226707
100,300,0.3333333333333333,3,1.0,0.1,37,1000,892541.0425678602,8925.410425678601,0.978,1132.2406732501418
100,300,0.3333333333333333,3,1.0,0.1,38,1000,894453.9914706567,8944.539914706567,0.979,1113.718411229106
100,300,0.3333333333333333,3,1.0,0.1,39,1000,894841.2673478745,8948.412673478744,0.98,1113.5599962705853
100,300,0.3333333333333333,3,1.0,0.1,40,1000,892828.6351229382,8928.286351229382,0.978,1086.2477728397175
100,300,0.3333333333333333,3,1.0,0.1,41,1000,891442.2823847381,8914.42282384738,0.979,1093.9090546140196
100,300,0.3333333333333333,3,1.0,0.1,42,1000,886917.4039723462,8869.174039723463,0.99,1040.651370628773
100,300,0.3333333333333333,3,1.0,0.1,43,1000,895203.1165349465,8952.031165349465,0.969,1104.5376587704684
100,300,0.3333333333333333,3,1.0,0.1,44,1000,890700.5766188403,8907.005766188404,0.968,1131.5980020444017
100,300,0.3333333333333333,3,1.0,0.1,45,1000,893479.7955196194,8934.797955196194,0.983,1105.3094464670892
100,300,0.3333333333333333,3,1.0,0.1,46,1000,890809.0853850438,8908.090853850437,0.973,1130.5810070136204
100,300,0.3333333333333333,3,1.0,0.1,47,1000,895017.9948916277,8950.179948916277,0.967,1116.4428292835578
100,300,0.3333333333333333,3,1.0,0.1,48,1000,893900.680286976,8939.00680286976,0.971,1032.56886349023
100,300,0.3333333333333333,3,1.0,0.1,49,1000,891979.8751482198,8919.798751482198,0.981,1110.6634608412999
100,300,0.3333333333333333,3,1.0,0.12,0,1000,886135.261331008,8861.35261331008,0.986,1038.2065504007417
100,300,0.3333333333333333,3,1.0,0.12,1,1000,884071.6609710291,8840.71660971029,0.993,1033.9811007668745
100,300,0.3333333333333333,3,1.0,0.12,2,1000,884914.6271013531,8849.146271013531,0.987,1069.7143718456655
100,300,0.3333333333333333,3,1.0,0.12,3,1000,884823.9417554055,8848.239417554056,0.984,1046.284317998382
100,300,0.3333333333333333,3,1.0,0.12,4,1000,886236.5397577492,8862.365397577492,0.982,1051.0796256774113
100,300,0.3333333333333333,3,1.0,0.12,5,1000,889683.138050173,8896.83138050173,0.987,1050.645468620573
100,300,0.3333333333333333,3,1.0,0.12,6,1000,878885.0925403078,8788.850925403078,0.992,983.942479763314
100,300,0.3333333333333333,3,1.0,0.12,7,1000,885017.538343003,8850.17538343003,0.992,1033.8924549715261
100,300,0.3333333333333333,3,1.0,0.12,8,1000,884646.5676161284,8846.465676161284,0.989,1038.5319538883264
100,300,0.3333333333333333,3,1.0,0.12,9,1000,889225.9555437795,8892.259555437795,0.987,1016.0320785499194
100,300,0.3333333333333333,3,1.0,0.12,10,1000,882096.0043810558,8820.960043810559,0.987,1048.6917305510165
100,300,0.3333333333333333,3,1.0,0.12,11,1000,881977.3463029698,8819.773463029698,0.987,1016.9925522266255
100,300,0.3333333333333333,3,1.0,0.12,12,1000,885131.914441175,8851.31914441175,0.993,1058.6224164330856
100,300,0.3333333333333333,3,1.0,0.12,13,1000,887713.079739422,8877.13079739422,0.983,1026.5686264498445
100,300,0.3333333333333333,3,1.0,0.12,14,1000,884616.5482594648,8846.165482594648,0.983,1047.7922785095834
100,300,0.3333333333333333,3,1.0,0.12,15,1000,885422.8866638058,8854.228866638057,0.99,1027.426627554794
100,300,0.3333333333333333,3,1.0,0.12,16,1000,882427.082818002,8824.27082818002,0.982,1039.3677593717707
100,300,0.3333333333333333,3,1.0,0.12,17,1000,884783.9763496546,8847.839763496546,0.986,1054.5417756785348
100,300,0.3333333333333333,3,1.0,0.12,18,1000,884181.4687012669,8841.81468701267,0.994,1062.2960188933364
100,300,0.3333333333333333,3,1.0,0.12,19,1000,882237.0800605401,8822.3708006054,0.984,1056.4215944954537
100,300,0.3333333333333333,3,1.0,0.12,20,1000,882998.2077549174,8829.982077549175,0.983,1037.475629664582
100,300,0.3333333333333333,3,1.0,0.12,21,1000,885988.2747523501,8859.882747523501,0.99,1061.0230609882158
100,300,0.3333333333333333,3,1.0,0.12,22,1000,890642.1574528823,8906.421574528822,0.983,1033.1177719256143
100,300,0.3333333333333333,3,1.0,0.12,23,1000,881747.3008407472,8817.473008407473,0.987,1048.1523798732362
100,300,0.3333333333333333,3,1.0,0.12,24,1000,884625.360255332,8846.253602553319,0.988,1023.9538581252352
100,300,0.3333333333333333,3,1.0,0.12,25,1000,884890.747449183,8848.90747449183,0.994,1032.4716212554886
100,300,0.3333333333333333,3,1.0,0.12,26,1000,884129.9133430003,8841.299133430004,0.985,1016.0411613234859
100,300,0.3333333333333333,3,1.0,0.12,27,1000,888114.7072280133,8881.147072280133,0.987,1063.6345150072416
100,300,0.3333333333333333,3,1.0,0.12,28,1000,883137.8479594991,8831.37847959499,0.991,1063.7801489147262
100,300,0.3333333333333333,3,1.0,0.12,29,1000,883972.8638812366,8839.728638812367,0.993,1012.599887749962
100,300,0.3333333333333333,3,1.0,0.12,30,1000,884199.4375180275,8841.994375180275,0.986,1067.5352470416076
100,300,0.3333333333333333,3,1.0,0.12,31,1000,882614.5941422262,8826.14594142226,0.976,1036.3740880697937
100,300,0.3333333333333333,3,1.0,0.12,32,1000,885561.5342870279,8855.615342870278,0.99,1071.5806534598144
100,300,0.3333333333333333,3,1.0,0.12,33,1000,886100.7818870096,8861.007818870095,0.99,1019.8228168109516
100,300,0.3333333333333333,3,1.0,0.12,34,1000,885158.160192584,8851.58160192584,0.992,1060.629366515353
100,300,0.3333333333333333,3,1.0,0.12,35,1000,888245.2356284393,8882.452356284393,0.987,1032.0984915339752
100,300,0.3333333333333333,3,1.0,0.12,36,1000,889187.6397881544,8891.876397881544,0.973,1037.955948913941
100,300,0.3333333333333333,3,1.0,0.12,37,1000,885904.7382705506,8859.047382705507,0.984,1029.2410847666313
100,300,0.3333333333333333,3,1.0,0.12,38,1000,888347.8258823088,8883.478258823088,0.983,1052.3224655326621
100,300,0.3333333333333333,3,1.0,0.12,39,1000,889556.206497911,8895.56206497911,0.986,1022.0932432616073
100,300,0.3333333333333333,3,1.0,0.12,40,1000,881914.9846105751,8819.14984610575,0.987,1012.5424356653506
100,300,0.3333333333333333,3,1.0,0.12,41,1000,881665.225959593,8816.65225959593,0.984,1076.48401643098
100,300,0.3333333333333333,3,1.0,0.12,42,1000,884715.9621752417,8847.159621752417,0.993,1040.9673401715554
100,300,0.3333333333333333,3,1.0,0.12,43,1000,880776.2806133544,8807.762806133544,0.993,1031.8075502167144
100,300,0.3333333333333333,3,1.0,0.12,44,1000,887084.6947346914,8870.846947346914,0.987,1098.003562293996
100,300,0.3333333333333333,3,1.0,0.12,45,1000,884926.8554548083,8849.268554548084,0.988,1022.0167874185976
100,300,0.3333333333333333,3,1.0,0.12,46,1000,884313.3039314542,8843.133039314542,0.992,1050.20436189951
100,300,0.3333333333333333,3,1.0,0.12,47,1000,883136.2084822869,8831.36208482287,0.991,1047.8803246388936
100,300,0.3333333333333333,3,1.0,0.12,48,1000,884269.7640051716,8842.697640051716,0.987,1045.6405382385597
100,300,0.3333333333333333,3,1.0,0.12,49,1000,881439.182848453,8814.391828484531,0.993,1040.2176651428229
100,300,0.3333333333333333,3,1.0,0.14,0,1000,873332.8131550744,8733.328131550743,0.998,1028.5394950399323
100,300,0.3333333333333333,3,1.0,0.14,1,1000,875827.6030938359,8758.27603093836,0.991,1000.8594789524085
100,300,0.3333333333333333,3,1.0,0.14,2,1000,875615.1779615687,8756.151779615688,0.998,1005.6607113738271
100,300,0.3333333333333333,3,1.0,0.14,3,1000,872600.386495705,8726.00386495705,0.994,1026.9601906376934
100,300,0.3333333333333333,3,1.0,0.14,4,1000,875514.8680368601,8755.148680368602,0.992,994.2031858228399
100,300,0.3333333333333333,3,1.0,0.14,5,1000,873512.9328939422,8735.129328939422,0.992,1019.1406046848949
100,300,0.3333333333333333,3,1.0,0.14,6,1000,874792.9350224677,8747.929350224678,0.997,989.7235599439156
100,300,0.3333333333333333,3,1.0,0.14,7,1000,877593.2656847619,8775.932656847619,0.997,1024.7152487665967
100,300,0.3333333333333333,3,1.0,0.14,8,1000,875544.1850662319,8755.441850662319,0.999,1029.0310206636318
100,300,0.3333333333333333,3,1.0,0.14,9,1000,876724.2759068272,8767.242759068271,0.994,1011.1494389627504
100,300,0.3333333333333333,3,1.0,0.14,10,1000,870260.8624889222,8702.608624889222,0.999,1036.3481766579578
100,300,0.3333333333333333,3,1.0,0.14,11,1000,876488.9369903394,8764.889369903394,0.996,1022.2991964610029
100,300,0.3333333333333333,3,1.0,0.14,12,1000,868496.7615019836,8684.967615019836,0.998,1003.4079521315891
100,300,0.3333333333333333,3,1.0,0.14,13,1000,874801.2574525101,8748.0125745251,0.997,1030.2608040294974
100,300,0.3333333333333333,3,1.0,0.14,14,1000,875299.5097376782,8752.995097376783,0.987,1033.3327902610897
100,300,0.3333333333333333,3,1.0,0.14,15,1000,873491.0467039129,8734.91046703913,0.993,1015.7180729250117
100,300,0.3333333333333333,3,1.0,0.14,16,1000,869966.4384016471,8699.66438401647,0.995,1008.71475492608
100,300,0.3333333333333333,3,1.0,0.14,17,1000,876255.22193016,8762.5522193016,0.996,1002.437748412749
100,300,0.3333333333333333,3,1.0,0.14,18,1000,871425.3180165613,8714.253180165613,0.991,1010.4352410016186
100,300,0.3333333333333333,3,1.0,0.14,19,1000,871963.8783357163,8719.638783357163,0.996,979.424924648132
100,300,0.3333333333333333,3,1.0,0.14,20,1000,876777.6615431635,8767.776615431634,0.993,981.7138549356773
100,300,0.3333333333333333,3,1.0,0.14,21,1000,873205.7933011793,8732.057933011793,0.994,992.177796589474
100,300,0.3333333333333333,3,1.0,0.14,22,1000,875710.674209932,8757.10674209932,0.987,997.6851816630734
100,300,0.3333333333333333,3,1.0,0.14,23,1000,873147.6604051659,8731.476604051659,0.994,1040.8691131859691
100,300,0.3333333333333333,3,1.0,0.14,24,1000,872809.739338282,8728.09739338282,0.998,1003.3302460464453
100,300,0.3333333333333333,3,1.0,0.14,25,1000,877011.8063549539,8770.118063549538,0.995,1003.4677712446345
100,300,0.3333333333333333,3,1.0,0.14,26,1000,873143.5707207072,8731.435707207072,0.997,998.7404402354347
100,300,0.3333333333333333,3,1.0,0.14,27,1000,874496.57733555,8744.9657733555,0.996,1003.2443362705111
100,300,0.3333333333333333,3,1.0,0.14,28,1000,874867.5129755192,8748.675129755191,0.994,992.3797131105391
100,300,0.3333333333333333,3,1.0,0.14,29,1000,875567.0194573685,8755.670194573686,0.989,984.4417424474829
100,300,0.3333333333333333,3,1.0,0.14,30,1000,877073.4211758171,8770.734211758172,0.996,1007.2164931874656
100,300,0.3333333333333333,3,1.0,0.14,31,1000,874431.6169332021,8744.316169332022,0.996,994.1831954740879
100,300,0.3333333333333333,3,1.0,0.14,32,1000,875819.3437635658,8758.193437635658,0.997,1003.889926609544
100,300,0.3333333333333333,3,1.0,0.14,33,1000,872042.0936471348,8720.420936471348,0.996,978.2243831468701
100,300,0.3333333333333333,3,1.0,0.14,34,1000,874961.6769905403,8749.616769905404,0.993,996.5654587395588
100,300,0.3333333333333333,3,1.0,0.14,35,1000,874279.6839147145,8742.796839147144,0.993,988.7942699906503
100,300,0.3333333333333333,3,1.0,0.14,36,1000,875526.9943644607,8755.269943644607,0.993,994.0241953983018
100,300,0.3333333333333333,3,1.0,0.14,37,1000,872831.494393294,8728.314943932939,0.994,996.9154088336059
100,300,0.3333333333333333,3,1.0,0.14,38,1000,876684.3571689159,8766.84357168916,0.993,1014.2967122983924
100,300,0.3333333333333333,3,1.0,0.14,39,1000,876664.5601928956,8766.645601928956,0.992,1023.0385720832026
100,300,0.3333333333333333,3,1.0,0.14,40,1000,872813.6179874172,8728.136179874171,0.996,1022.4735675094798
100,300,0.3333333333333333,3,1.0,0.14,41,1000,874670.4211115347,8746.704211115348,0.993,1048.6539290824762
100,300,0.3333333333333333,3,1.0,0.14,42,1000,871182.7041074284,8711.827041074284,0.994,1028.780616758514
100,300,0.3333333333333333,3,1.0,0.14,43,1000,873452.9290860225,8734.529290860226,0.991,1052.6588468690734
100,300,0.3333333333333333,3,1.0,0.14,44,1000,874539.2169522444,8745.392169522444,0.991,964.904446387229
100,300,0.3333333333333333,3,1.0,0.14,45,1000,869431.1364565247,8694.311364565247,0.998,1036.9697263724504
100,300,0.3333333333333333,3,1.0,0.14,46,1000,875689.3684311573,8756.893684311573,0.997,1001.4061430399004
100,300,0.3333333333333333,3,1.0,0.14,47,1000,874580.3416992868,8745.803416992869,0.993,1035.6916633223539
100,300,0.3333333333333333,3,1.0,0.14,48,1000,872886.3385548727,8728.863385548726,0.995,1019.4705716184097
100,300,0.3333333333333333,3,1.0,0.14,49,1000,873648.1960434653,8736.481960434652,1.0,984.4132095956423
100,300,0.3333333333333333,3,1.0,0.16,0,1000,863440.8337866721,8634.40833786672,0.996,986.8760098608165
100,300,0.3333333333333333,3,1.0,0.16,1,1000,861741.532122722,8617.41532122722,0.998,985.5034719369598
100,300,0.3333333333333333,3,1.0,0.16,2,1000,863474.9950430818,8634.749950430818,0.999,983.3083481651161
100,300,0.3333333333333333,3,1.0,0.16,3,1000,860936.2175230345,8609.362175230346,0.997,982.4683161183178
100,300,0.3333333333333333,3,1.0,0.16,4,1000,861429.4526303017,8614.294526303018,0.998,1011.4072607672755
100,300,0.3333333333333333,3,1.0,0.16,5,1000,864255.9100570289,8642.559100570288,0.998,930.7729913739425
100,300,0.3333333333333333,3,1.0,0.16,6,1000,861814.0928680829,8618.140928680828,0.996,996.8859268290993
100,300,0.3333333333333333,3,1.0,0.16,7,1000,862909.65747132,8629.0965747132,0.998,986.7829192783036
100,300,0.3333333333333333,3,1.0,0.16,8,1000,862831.5573189432,8628.315573189431,0.999,973.5044724714238
100,300,0.3333333333333333,3,1.0,0.16,9,1000,865889.9407428952,8658.899407428953,1.0,972.4856824436025
100,300,0.3333333333333333,3,1.0,0.16,10,1000,860781.7981085482,8607.817981085482,0.994,957.1242894981993
100,300,0.3333333333333333,3,1.0,0.16,11,1000,860369.2705317996,8603.692705317997,0.998,978.3200550276886
100,300,0.3333333333333333,3,1.0,0.16,12,1000,861643.1885211545,8616.431885211545,0.998,969.1357535669298
100,300,0.3333333333333333,3,1.0,0.16,13,1000,865820.2137076594,8658.202137076594,0.998,952.4560115854675
100,300,0.3333333333333333,3,1.0,0.16,14,1000,861464.3437309724,8614.643437309724,0.997,984.1486193153621
100,300,0.3333333333333333,3,1.0,0.16,15,1000,858980.7360432518,8589.807360432518,1.0,977.8943376081157
100,300,0.3333333333333333,3,1.0,0.16,16,1000,860163.4210990877,8601.634210990876,0.997,979.7314470433786
100,300,0.3333333333333333,3,1.0,0.16,17,1000,863766.3247705471,8637.663247705472,0.997,959.9927038739221
100,300,0.3333333333333333,3,1.0,0.16,18,1000,861483.6380045497,8614.836380045497,0.995,977.8726861235298
100,300,0.3333333333333333,3,1.0,0.16,19,1000,860823.1959680021,8608.23195968002,0.998,969.2028356776165
100,300,0.3333333333333333,3,1.0,0.16,20,1000,857018.3657710699,8570.183657710699,0.999,979.2852890214954
100,300,0.3333333333333333,3,1.0,0.16,21,1000,861001.7932319983,8610.017932319983,0.998,964.7682510423612
100,300,0.3333333333333333,3,1.0,0.16,22,1000,865814.9160009492,8658.149160009492,0.993,971.4844159065891
100,300,0.3333333333333333,3,1.0,0.16,23,1000,864604.727607459,8646.047276074589,0.997,962.4861910130777
100,300,0.3333333333333333,3,1.0,0.16,24,1000,863690.5538937328,8636.905538937328,0.997,963.4071743125131
100,300,0.3333333333333333,3,1.0,0.16,25,1000,863173.3780873859,8631.73378087386,0.997,964.5677450751247
100,300,0.3333333333333333,3,1.0,0.16,26,1000,864855.8197460299,8648.5581974603,0.997,985.0521616394294
100,300,0.3333333333333333,3,1.0,0.16,27,1000,860662.1023117426,8606.621023117426,0.998,978.4700227749805
100,300,0.3333333333333333,3,1.0,0.16,28,1000,861954.4834330014,8619.544834330014,0.997,966.6113563330193
100,300,0.3333333333333333,3,1.0,0.16,29,1000,862085.2235201694,8620.852235201693,0.996,949.0076327908878
100,300,0.3333333333333333,3,1.0,0.16,30,1000,864268.2600948646,8642.682600948647,0.997,965.9847263823034
100,300,0.3333333333333333,3,1.0,0.16,31,1000,859646.9967553661,8596.469967553661,0.999,945.7873242380027
100,300,0.3333333333333333,3,1.0,0.16,32,1000,865343.4013195954,8653.434013195954,0.999,980.0678197920084
100,300,0.3333333333333333,3,1.0,0.16,33,1000,863102.57033039,8631.0257033039,0.995,970.9548057315263
100,300,0.3333333333333333,3,1.0,0.16,34,1000,860510.3576830685,8605.103576830685,0.997,978.0403861337256
100,300,0.3333333333333333,3,1.0,0.16,35,1000,862670.7870931647,8626.707870931648,0.998,1008.5436254784578
100,300,0.3333333333333333,3,1.0,0.16,36,1000,863608.7979942049,8636.087979942049,0.998,966.2010790753602
100,300,0.3333333333333333,3,1.0,0.16,37,1000,865005.6843541383,8650.056843541382,0.997,998.9359961365597
100,300,0.3333333333333333,3,1.0,0.16,38,1000,861700.5306914271,8617.00530691427,0.999,1000.8748588562756
100,300,0.3333333333333333,3,1.0,0.16,39,1000,864931.224553964,8649.31224553964,0.997,989.6177372700539
100,300,0.3333333333333333,3,1.0,0.16,40,1000,863986.0899439668,8639.860899439669,0.997,968.1099225589786
100,300,0.3333333333333333,3,1.0,0.16,41,1000,860117.7505872968,8601.177505872967,1.0,992.9178401758493
100,300,0.3333333333333333,3,1.0,0.16,42,1000,862890.4557503226,8628.904557503225,0.998,958.3799236064648
100,300,0.3333333333333333,3,1.0,0.16,43,1000,860649.5560204652,8606.495560204652,0.998,969.277425071605
100,300,0.3333333333333333,3,1.0,0.16,44,1000,867704.0485612954,8677.040485612953,0.997,949.3114236887533
100,300,0.3333333333333333,3,1.0,0.16,45,1000,863533.6167883797,8635.336167883797,0.998,1010.9116614381875
100,300,0.3333333333333333,3,1.0,0.16,46,1000,860837.8765444325,8608.378765444324,0.995,974.8200057948739
100,300,0.3333333333333333,3,1.0,0.16,47,1000,865033.8353018122,8650.338353018122,0.998,969.881232795715
100,300,0.3333333333333333,3,1.0,0.16,48,1000,860423.8230298705,8604.238230298704,0.999,996.1463742650947
100,300,0.3333333333333333,3,1.0,0.16,49,1000,861844.4877809255,8618.444877809256,0.999,984.7037127723246
100,300,0.3333333333333333,3,1.0,0.18,0,1000,848969.1302166429,8489.69130216643,1.0,934.6589533857806
100,300,0.3333333333333333,3,1.0,0.18,1,1000,850776.8138634239,8507.76813863424,0.998,920.6939638880979
100,300,0.3333333333333333,3,1.0,0.18,2,1000,850911.9992317214,8509.119992317213,0.999,923.471011500127
100,300,0.3333333333333333,3,1.0,0.18,3,1000,850448.5563268082,8504.485563268081,1.0,953.940166495636
100,300,0.3333333333333333,3,1.0,0.18,4,1000,851767.6159466384,8517.676159466384,0.999,915.1448930808946
100,300,0.3333333333333333,3,1.0,0.18,5,1000,853190.4709050078,8531.904709050077,0.999,949.4586567966411
100,300,0.3333333333333333,3,1.0,0.18,6,1000,850801.9136668707,8508.019136668707,0.999,942.0881175709973
100,300,0.3333333333333333,3,1.0,0.18,7,1000,850385.9471406782,8503.859471406782,1.0,958.3035040332175
100,300,0.3333333333333333,3,1.0,0.18,8,1000,852145.1702436119,8521.45170243612,0.998,939.324451583353
100,300,0.3333333333333333,3,1.0,0.18,9,1000,854108.255100105,8541.082551001049,0.999,917.8245037882679
100,300,0.3333333333333333,3,1.0,0.18,10,1000,848546.1774796641,8485.46177479664,1.0,936.5081672666317
100,300,0.3333333333333333,3,1.0,0.18,11,1000,853319.619236555,8533.196192365549,0.999,941.3674311312578
100,300,0.3333333333333333,3,1.0,0.18,12,1000,847394.0392808953,8473.940392808952,0.998,931.0718705863598
100,300,0.3333333333333333,3,1.0,0.18,13,1000,853537.1324458589,8535.371324458589,0.999,931.1780387048171
100,300,0.3333333333333333,3,1.0,0.18,14,1000,849996.4053594057,8499.964053594056,1.0,948.3534770809483
100,300,0.3333333333333333,3,1.0,0.18,15,1000,853772.3050420702,8537.723050420702,1.0,939.4434576868739
100,300,0.3333333333333333,3,1.0,0.18,16,1000,848587.8222625423,8485.878222625422,0.999,899.4305728745428
100,300,0.3333333333333333,3,1.0,0.18,17,1000,853588.7257408962,8535.887257408962,1.0,924.7002444767611
100,300,0.3333333333333333,3,1.0,0.18,18,1000,846379.5215320066,8463.795215320066,1.0,949.2280719930873
100,300,0.3333333333333333,3,1.0,0.18,19,1000,854098.7419985707,8540.987419985708,0.999,930.9143496193934
100,300,0.3333333333333333,3,1.0,0.18,20,1000,852929.9728996984,8529.299728996984,0.999,946.6622623168976
100,300,0.3333333333333333,3,1.0,0.18,21,1000,852237.8865794409,8522.37886579441,0.998,945.0761092524583
100,300,0.3333333333333333,3,1.0,0.18,22,1000,850673.1574985296,8506.731574985297,0.999,947.887009751255
100,300,0.3333333333333333,3,1.0,0.18,23,1000,849019.1746870022,8490.191746870021,0.999,925.2635879949203
100,300,0.3333333333333333,3,1.0,0.18,24,1000,848186.186981924,8481.86186981924,0.999,915.325156540424
100,300,0.3333333333333333,3,1.0,0.18,25,1000,855655.2848968192,8556.552848968191,1.0,937.5857598642972
100,300,0.3333333333333333,3,1.0,0.18,26,1000,855697.066294629,8556.97066294629,0.996,932.5367146471144
100,300,0.3333333333333333,3,1.0,0.18,27,1000,846041.4722512823,8460.414722512824,0.999,936.253887342177
100,300,0.3333333333333333,3,1.0,0.18,28,1000,850897.7371161791,8508.97737116179,0.999,917.5100727799537
100,300,0.3333333333333333,3,1.0,0.18,29,1000,851240.0395978448,8512.400395978448,1.0,969.0709157237086
100,300,0.3333333333333333,3,1.0,0.18,30,1000,848067.9506578343,8480.679506578343,0.999,958.3417973429212
100,300,0.3333333333333333,3,1.0,0.18,31,1000,849591.3240505074,8495.913240505073,1.0,983.2900225543393
100,300,0.3333333333333333,3,1.0,0.18,32,1000,854483.6142538677,8544.836142538676,0.998,951.2623507667714
100,300,0.3333333333333333,3,1.0,0.18,33,1000,847861.8764063608,8478.618764063607,0.999,906.9440602496163
100,300,0.3333333333333333,3,1.0,0.18,34,1000,850084.281924203,8500.84281924203,1.0,906.4470529368004
100,300,0.3333333333333333,3,1.0,0.18,35,1000,848689.9134694047,8486.899134694047,0.999,936.6491262355436
100,300,0.3333333333333333,3,1.0,0.18,36,1000,854049.7312717098,8540.497312717098,0.998,947.8431239036767
100,300,0.3333333333333333,3,1.0,0.18,37,1000,845109.2900316695,8451.092900316695,0.999,923.6391901143596
100,300,0.3333333333333333,3,1.0,0.18,38,1000,855710.4850719395,8557.104850719395,0.998,944.5141499958296
100,300,0.3333333333333333,3,1.0,0.18,39,1000,852726.3775247951,8527.263775247951,0.999,928.4645988587198
100,300,0.3333333333333333,3,1.0,0.18,40,1000,852605.7921708379,8526.05792170838,0.999,924.3220135974457
100,300,0.3333333333333333,3,1.0,0.18,41,1000,850311.104229543,8503.11104229543,0.999,915.0266084177064
100,300,0.3333333333333333,3,1.0,0.18,42,1000,850534.867797896,8505.34867797896,0.995,918.7893255264222
100,300,0.3333333333333333,3,1.0,0.18,43,1000,852633.3303924751,8526.333303924752,0.998,962.0756472041379
100,300,0.3333333333333333,3,1.0,0.18,44,1000,854996.5701062209,8549.965701062209,0.998,927.8689595146144
100,300,0.3333333333333333,3,1.0,0.18,45,1000,854751.8202213482,8547.518202213481,1.0,967.3705984985306
100,300,0.3333333333333333,3,1.0,0.18,46,1000,852367.8586134798,8523.678586134798,0.997,923.5767659521466
100,300,0.3333333333333333,3,1.0,0.18,47,1000,851303.4067068585,8513.034067068586,0.999,922.671835753492
100,300,0.3333333333333333,3,1.0,0.18,48,1000,847757.3616820789,8477.57361682079,0.998,949.010911077304
100,300,0.3333333333333333,3,1.0,0.18,49,1000,852351.655098842,8523.51655098842,0.997,931.9485167950833
100,300,0.3333333333333333,3,1.0,0.2,0,1000,838418.9346112312,8384.189346112313,0.999,896.3418458054347
100,300,0.3333333333333333,3,1.0,0.2,1,1000,838669.1417304104,8386.691417304104,1.0,908.9908321751094
100,300,0.3333333333333333,3,1.0,0.2,2,1000,837681.0788540583,8376.810788540583,1.0,910.0776598047445
100,300,0.3333333333333333,3,1.0,0.2,3,1000,838268.4142029176,8382.684142029177,1.0,877.8999697914438
100,300,0.3333333333333333,3,1.0,0.2,4,1000,839412.6798299425,8394.126798299425,0.999,887.3801184601434
100,300,0.3333333333333333,3,1.0,0.2,5,1000,838614.8091395061,8386.14809139506,0.999,892.8647632245808
100,300,0.3333333333333333,3,1.0,0.2,6,1000,841404.4731803269,8414.04473180327,0.999,866.0912065392982
100,300,0.3333333333333333,3,1.0,0.2,7,1000,838269.3384700592,8382.693384700593,0.999,917.8177394230034
100,300,0.3333333333333333,3,1.0,0.2,8,1000,839509.8054049516,8395.098054049515,0.999,898.9307167193571
100,300,0.3333333333333333,3,1.0,0.2,9,1000,837771.3711764984,8377.713711764984,1.0,902.5701371540981
100,300,0.3333333333333333,3,1.0,0.2,10,1000,840690.3382814034,8406.903382814035,1.0,900.8482955105889
100,300,0.3333333333333333,3,1.0,0.2,11,1000,839896.8867474137,8398.968867474137,0.998,898.9793346533825
100,300,0.3333333333333333,3,1.0,0.2,12,1000,836769.5745551264,8367.695745551264,1.0,888.7969936127619
100,300,0.3333333333333333,3,1.0,0.2,13,1000,839529.0678065764,8395.290678065763,1.0,898.7181684505658
100,300,0.3333333333333333,3,1.0,0.2,14,1000,840448.8077447746,8404.488077447746,0.999,911.1206585403464
100,300,0.3333333333333333,3,1.0,0.2,15,1000,840658.952001466,8406.589520014659,0.999,888.3627785940319
100,300,0.3333333333333333,3,1.0,0.2,16,1000,836957.2718258675,8369.572718258674,1.0,886.9936592692289
100,300,0.3333333333333333,3,1.0,0.2,17,1000,840666.5232900876,8406.665232900876,1.0,893.7209792449614
100,300,0.3333333333333333,3,1.0,0.2,18,1000,840355.9896632585,8403.559896632585,1.0,890.2250788515654
100,300,0.3333333333333333,3,1.0,0.2,19,1000,840813.7204033632,8408.137204033632,1.0,892.8606911016475
100,300,0.3333333333333333,3,1.0,0.2,20,1000,839744.2313840307,8397.442313840307,1.0,907.0071973402611
100,300,0.3333333333333333,3,1.0,0.2,21,1000,839850.3729242962,8398.503729242962,0.999,896.1402755455819
100,300,0.3333333333333333,3,1.0,0.2,22,1000,839988.0637142202,8399.880637142202,0.999,895.8480294091057
100,300,0.3333333333333333,3,1.0,0.2,23,1000,836801.8852431534,8368.018852431534,1.0,911.5057578508502
100,300,0.3333333333333333,3,1.0,0.2,24,1000,835935.6112520531,8359.35611252053,1.0,899.3614064529387
100,300,0.3333333333333333,3,1.0,0.2,25,1000,839193.6741239544,8391.936741239544,0.999,920.5800512247627
100,300,0.3333333333333333,3,1.0,0.2,26,1000,837891.7094952986,8378.917094952985,1.0,893.118209831912
100,300,0.3333333333333333,3,1.0,0.2,27,1000,840535.7456130665,8405.357456130665,1.0,904.3758437684689
100,300,0.3333333333333333,3,1.0,0.2,28,1000,840720.0719406856,8407.200719406856,0.999,898.0600295962104
100,300,0.3333333333333333,3,1.0,0.2,29,1000,840034.3279665908,8400.343279665907,0.999,903.0320190582333
100,300,0.3333333333333333,3,1.0,0.2,30,1000,838794.5256905818,8387.945256905818,1.0,869.7431021947926
100,300,0.3333333333333333,3,1.0,0.2,31,1000,839519.3046715485,8395.193046715485,1.0,875.368690370002
100,300,0.3333333333333333,3,1.0,0.2,32,1000,839619.9182737616,8396.199182737617,0.999,903.2763301964087
100,300,0.3333333333333333,3,1.0,0.2,33,1000,840538.2861071082,8405.382861071083,1.0,898.0007361490455
100,300,0.3333333333333333,3,1.0,0.2,34,1000,837909.3554085935,8379.093554085935,0.998,918.7700234017516
100,300,0.3333333333333333,3,1.0,0.2,35,1000,837935.1940621461,8379.351940621462,1.0,857.1650641050298
100,300,0.3333333333333333,3,1.0,0.2,36,1000,836030.6305231624,8360.306305231625,1.0,860.5279410994166
100,300,0.3333333333333333,3,1.0,0.2,37,1000,841574.5539719329,8415.745539719328,1.0,894.3596707983929
100,300,0.3333333333333333,3,1.0,0.2,38,1000,839634.0981705338,8396.340981705338,0.999,893.4793451182693
100,300,0.3333333333333333,3,1.0,0.2,39,1000,836993.2757117484,8369.932757117484,1.0,876.9652418559119
100,300,0.3333333333333333,3,1.0,0.2,40,1000,839346.1763099753,8393.461763099753,1.0,895.2301824387813
100,300,0.3333333333333333,3,1.0,0.2,41,1000,838857.0005848127,8388.570005848127,1.0,921.1603755178294
100,300,0.3333333333333333,3,1.0,0.2,42,1000,839744.2564938583,8397.442564938583,0.999,926.1544185538553
100,300,0.3333333333333333,3,1.0,0.2,43,1000,842163.8963286801,8421.638963286801,1.0,892.6765379377501
100,300,0.3333333333333333,3,1.0,0.2,44,1000,840053.4325559197,8400.534325559198,1.0,905.0490946472825
100,300,0.3333333333333333,3,1.0,0.2,45,1000,842128.7567347252,8421.287567347252,1.0,910.2326232080449
100,300,0.3333333333333333,3,1.0,0.2,46,1000,842361.1872206223,8423.611872206224,0.998,881.1744335290138
100,300,0.3333333333333333,3,1.0,0.2,47,1000,840949.3216671791,8409.493216671792,0.999,920.9914198065622
100,300,0.3333333333333333,3,1.0,0.2,48,1000,839888.3666496943,8398.883666496942,1.0,909.8770210064661
100,300,0.3333333333333333,3,1.0,0.2,49,1000,839574.9150792335,8395.749150792335,1.0,888.3855274838365
100,300,0.3333333333333333,3,1.0,0.22,0,1000,826186.224864255,8261.86224864255,1.0,865.151125133678
100,300,0.3333333333333333,3,1.0,0.22,1,1000,823952.0855617428,8239.520855617428,1.0,869.529514618217
100,300,0.3333333333333333,3,1.0,0.22,2,1000,823954.6661039257,8239.546661039256,1.0,864.1154268323329
100,300,0.3333333333333333,3,1.0,0.22,3,1000,827282.8778933651,8272.828778933652,0.999,883.860291420972
100,300,0.3333333333333333,3,1.0,0.22,4,1000,827404.4845133334,8274.044845133334,1.0,908.5832560154262
100,300,0.3333333333333333,3,1.0,0.22,5,1000,827827.7766008341,8278.277766008341,1.0,867.5665137998307
100,300,0.3333333333333333,3,1.0,0.22,6,1000,827320.0731176565,8273.200731176565,0.999,863.2807564420472
100,300,0.3333333333333333,3,1.0,0.22,7,1000,829951.9977979962,8299.519977979962,0.999,849.9783051062768
100,300,0.3333333333333333,3,1.0,0.22,8,1000,828266.9069760115,8282.669069760115,1.0,882.5688255462013
100,300,0.3333333333333333,3,1.0,0.22,9,1000,826674.9412802933,8266.749412802932,1.0,850.5670921328884
100,300,0.3333333333333333,3,1.0,0.22,10,1000,823895.3496980495,8238.953496980495,1.0,858.138785284882
100,300,0.3333333333333333,3,1.0,0.22,11,1000,825231.094717073,8252.31094717073,1.0,840.1308539804061
100,300,0.3333333333333333,3,1.0,0.22,12,1000,827645.2348629953,8276.452348629953,1.0,870.208723643998
100,300,0.3333333333333333,3,1.0,0.22,13,1000,828097.959781637,8280.97959781637,1.0,861.6993557858564
100,300,0.3333333333333333,3,1.0,0.22,14,1000,825020.3828406443,8250.203828406444,1.0,869.151946702271
100,300,0.3333333333333333,3,1.0,0.22,15,1000,822915.8158915906,8229.158158915905,1.0,879.6678221018432
100,300,0.3333333333333333,3,1.0,0.22,16,1000,825814.2073722512,8258.142073722513,1.0,877.9620536531551
100,300,0.3333333333333333,3,1.0,0.22,17,1000,823652.4614114255,8236.524614114254,1.0,860.7732038536215
100,300,0.3333333333333333,3,1.0,0.22,18,1000,828209.6179206674,8282.096179206674,1.0,840.1452109393065
100,300,0.3333333333333333,3,1.0,0.22,19,1000,828725.7318043248,8287.257318043248,1.0,862.163883759079
100,300,0.3333333333333333,3,1.0,0.22,20,1000,827471.1508532322,8274.711508532322,1.0,886.4400967007895
100,300,0.3333333333333333,3,1.0,0.22,21,1000,826690.5548921829,8266.90554892183,1.0,863.6151794883035
100,300,0.3333333333333333,3,1.0,0.22,22,1000,823611.9140480929,8236.119140480929,1.0,837.700626597802
100,300,0.3333333333333333,3,1.0,0.22,23,1000,825517.6597029567,8255.176597029567,1.0,847.4283889716475
100,300,0.3333333333333333,3,1.0,0.22,24,1000,824991.6133366865,8249.916133366865,0.999,874.8372771004185
100,300,0.3333333333333333,3,1.0,0.22,25,1000,829057.9703965562,8290.579703965563,1.0,853.4306718371259
100,300,0.3333333333333333,3,1.0,0.22,26,1000,824868.1484033401,8248.681484033401,0.999,858.6678455683877
100,300,0.3333333333333333,3,1.0,0.22,27,1000,827221.6862318055,8272.216862318055,1.0,882.6341674541987
100,300,0.3333333333333333,3,1.0,0.22,28,1000,826903.4508041873,8269.034508041874,1.0,854.1950548397278
100,300,0.3333333333333333,3,1.0,0.22,29,1000,825907.1803250946,8259.071803250947,0.999,846.7153334321652
100,300,0.3333333333333333,3,1.0,0.22,30,1000,827369.4325743378,8273.694325743378,0.999,849.0101707186343
100,300,0.3333333333333333,3,1.0,0.22,31,1000,825395.7719853023,8253.957719853024,1.0,856.2980915731385
100,300,0.3333333333333333,3,1.0,0.22,32,1000,826069.860632583,8260.69860632583,1.0,883.0871789205447
100,300,0.3333333333333333,3,1.0,0.22,33,1000,826036.9896234169,8260.36989623417,1.0,883.1781873102439
100,300,0.3333333333333333,3,1.0,0.22,34,1000,826846.6948931253,8268.466948931253,0.999,854.4096880980576
100,300,0.3333333333333333,3,1.0,0.22,35,1000,828362.8148551658,8283.628148551657,1.0,868.950463838047
100,300,0.3333333333333333,3,1.0,0.22,36,1000,821240.6394860663,8212.406394860664,1.0,812.7015182875355
100,300,0.3333333333333333,3,1.0,0.22,37,1000,826349.7732502904,8263.497732502905,1.0,859.098485665925
100,300,0.3333333333333333,3,1.0,0.22,38,1000,828133.7486389605,8281.337486389606,1.0,858.3545649596847
100,300,0.3333333333333333,3,1.0,0.22,39,1000,830767.7586081129,8307.677586081129,1.0,854.6271327960441
100,300,0.3333333333333333,3,1.0,0.22,40,1000,830476.7104341657,8304.767104341656,1.0,841.3351339968931
100,300,0.3333333333333333,3,1.0,0.22,41,1000,827839.9348467657,8278.399348467658,0.999,849.1898846551599
100,300,0.3333333333333333,3,1.0,0.22,42,1000,824713.8021888885,8247.138021888886,1.0,855.1998895802512
100,300,0.3333333333333333,3,1.0,0.22,43,1000,826872.4582524304,8268.724582524304,1.0,865.3315305349852
100,300,0.3333333333333333,3,1.0,0.22,44,1000,827046.2365913506,8270.462365913507,1.0,843.1414312380101
100,300,0.3333333333333333,3,1.0,0.22,45,1000,830256.2928099518,8302.562928099518,1.0,873.3760665665686
100,300,0.3333333333333333,3,1.0,0.22,46,1000,828287.206259623,8282.87206259623,1.0,847.7881089483284
100,300,0.3333333333333333,3,1.0,0.22,47,1000,827876.7071517018,8278.767071517017,1.0,886.513667360937
100,300,0.3333333333333333,3,1.0,0.22,48,1000,826074.2210453871,8260.742210453871,1.0,868.0074954154798
100,300,0.3333333333333333,3,1.0,0.22,49,1000,826983.2369201942,8269.832369201942,0.999,869.9332404082691
100,300,0.3333333333333333,3,1.0,0.24,0,1000,811738.0715255415,8117.3807152554145,1.0,812.5315016416881
100,300,0.3333333333333333,3,1.0,0.24,1,1000,812872.6390415045,8128.726390415045,1.0,813.0070620167942
100,300,0.3333333333333333,3,1.0,0.24,2,1000,811580.2512874609,8115.802512874609,1.0,811.9055797875674
100,300,0.3333333333333333,3,1.0,0.24,3,1000,813313.6506144407,8133.136506144407,1.0,852.249244440081
100,300,0.3333333333333333,3,1.0,0.24,4,1000,815176.4751183188,8151.764751183188,1.0,824.7892459870927
100,300,0.3333333333333333,3,1.0,0.24,5,1000,812530.4592136854,8125.304592136854,1.0,820.4996382969596
100,300,0.3333333333333333,3,1.0,0.24,6,1000,815054.9219472214,8150.549219472214,1.0,803.9781208807556
100,300,0.3333333333333333,3,1.0,0.24,7,1000,812522.778992369,8125.22778992369,1.0,824.9007064566736
100,300,0.3333333333333333,3,1.0,0.24,8,1000,812241.4342584087,8122.4143425840875,1.0,801.0023198570467
100,300,0.3333333333333333,3,1.0,0.24,9,1000,811970.461264721,8119.70461264721,1.0,832.4162181109631
100,300,0.3333333333333333,3,1.0,0.24,10,1000,813813.8959904795,8138.138959904795,1.0,822.9229499628926
100,300,0.3333333333333333,3,1.0,0.24,11,1000,812964.1679353114,8129.641679353114,1.0,837.672341144986
100,300,0.3333333333333333,3,1.0,0.24,12,1000,814437.9823403544,8144.379823403544,1.0,829.839716913427
100,300,0.3333333333333333,3,1.0,0.24,13,1000,812814.7657783991,8128.14765778399,1.0,828.5667152744119
100,300,0.3333333333333333,3,1.0,0.24,14,1000,815235.622979804,8152.35622979804,1.0,806.4879287013745
100,300,0.3333333333333333,3,1.0,0.24,15,1000,816739.4779508215,8167.394779508215,1.0,824.5298166137597
100,300,0.3333333333333333,3,1.0,0.24,16,1000,808280.1743494506,8082.801743494506,1.0,794.0243728962099
100,300,0.3333333333333333,3,1.0,0.24,17,1000,810789.7123717588,8107.897123717587,1.0,805.5338371915667
100,300,0.3333333333333333,3,1.0,0.24,18,1000,810245.1062875126,8102.451062875126,0.999,823.5969577725918
100,300,0.3333333333333333,3,1.0,0.24,19,1000,814994.1249867507,8149.9412498675065,1.0,849.53087880881
100,300,0.3333333333333333,3,1.0,0.24,20,1000,811515.8552383372,8115.158552383372,1.0,790.7102727658779
100,300,0.3333333333333333,3,1.0,0.24,21,1000,812749.3969204881,8127.493969204881,1.0,830.2795916293135
100,300,0.3333333333333333,3,1.0,0.24,22,1000,815644.7447509564,8156.447447509564,0.999,872.8513762444794
100,300,0.3333333333333333,3,1.0,0.24,23,1000,814272.2906531624,8142.722906531624,1.0,828.5414195437885
100,300,0.3333333333333333,3,1.0,0.24,24,1000,810572.637085598,8105.726370855979,1.0,832.8256607436638
100,300,0.3333333333333333,3,1.0,0.24,25,1000,814446.0702698317,8144.460702698317,1.0,836.8996287522978
100,300,0.3333333333333333,3,1.0,0.24,26,1000,814539.8167508439,8145.398167508439,0.999,828.753627484719
100,300,0.3333333333333333,3,1.0,0.24,27,1000,812696.533342382,8126.965333423821,1.0,824.1452833820388
100,300,0.3333333333333333,3,1.0,0.24,28,1000,813845.7129493303,8138.457129493303,0.999,831.9246940532436
100,300,0.3333333333333333,3,1.0,0.24,29,1000,815800.1585855081,8158.001585855081,1.0,812.1835462594929
100,300,0.3333333333333333,3,1.0,0.24,30,1000,807913.6299904532,8079.136299904532,1.0,802.7437660077717
100,300,0.3333333333333333,3,1.0,0.24,31,1000,813543.5601238321,8135.4356012383205,0.999,840.9872239236519
100,300,0.3333333333333333,3,1.0,0.24,32,1000,812035.1371118076,8120.351371118076,1.0,843.1668366241721
100,300,0.3333333333333333,3,1.0,0.24,33,1000,808051.6442999468,8080.516442999468,1.0,820.694456004517
100,300,0.3333333333333333,3,1.0,0.24,34,1000,812439.630806908,8124.39630806908,1.0,819.9021929011818
100,300,0.3333333333333333,3,1.0,0.24,35,1000,815555.4007980737,8155.554007980737,1.0,837.255854578622
100,300,0.3333333333333333,3,1.0,0.24,36,1000,812371.6060356443,8123.716060356443,1.0,804.8540655046041
100,300,0.3333333333333333,3,1.0,0.24,37,1000,813762.8435121109,8137.628435121109,1.0,825.1133247972023
100,300,0.3333333333333333,3,1.0,0.24,38,1000,813388.9243187053,8133.889243187054,1.0,823.4816468435378
100,300,0.3333333333333333,3,1.0,0.24,39,1000,815924.1218301773,8159.241218301772,1.0,853.6464491308159
100,300,0.3333333333333333,3,1.0,0.24,40,1000,819347.8806005829,8193.478806005829,1.0,830.507080153231
100,300,0.3333333333333333,3,1.0,0.24,41,1000,814104.5579566021,8141.045579566021,1.0,812.298099996429
100,300,0.3333333333333333,3,1.0,0.24,42,1000,810440.3780441162,8104.403780441162,1.0,825.0724473473055
100,300,0.3333333333333333,3,1.0,0.24,43,1000,813545.078429526,8135.45078429526,1.0,834.4007391307501
100,300,0.3333333333333333,3,1.0,0.24,44,1000,816081.0925513803,8160.810925513802,1.0,835.4256371125512
100,300,0.3333333333333333,3,1.0,0.24,45,1000,812382.9259789949,8123.829259789949,1.0,806.2645668789584
100,300,0.3333333333333333,3,1.0,0.24,46,1000,811594.0185181246,8115.940185181246,1.0,808.7262227888625
100,300,0.3333333333333333,3,1.0,0.24,47,1000,815601.2361245478,8156.012361245478,1.0,819.7581930152538
100,300,0.3333333333333333,3,1.0,0.24,48,1000,813667.9730933057,8136.679730933057,0.999,819.2065191396854
100,300,0.3333333333333333,3,1.0,0.24,49,1000,810116.4341893457,8101.164341893457,1.0,840.7222487444636
100,300,0.3333333333333333,3,1.0,0.26,0,1000,799038.9576969155,7990.389576969155,1.0,741.9208361497222
100,300,0.3333333333333333,3,1.0,0.26,1,1000,799343.2657328427,7993.432657328427,1.0,804.901100950074
100,300,0.3333333333333333,3,1.0,0.26,2,1000,798531.9309822196,7985.319309822196,1.0,796.5936268648542
100,300,0.3333333333333333,3,1.0,0.26,3,1000,802818.8497299445,8028.188497299445,1.0,792.0086962358818
100,300,0.3333333333333333,3,1.0,0.26,4,1000,802177.5207062203,8021.775207062203,1.0,789.1476069154186
100,300,0.3333333333333333,3,1.0,0.26,5,1000,800888.7852853583,8008.887852853583,1.0,788.9277267162249
100,300,0.3333333333333333,3,1.0,0.26,6,1000,801684.2202397335,8016.842202397334,1.0,799.8649494661518
100,300,0.3333333333333333,3,1.0,0.26,7,1000,800786.3276808275,8007.863276808274,1.0,784.3795918620413
100,300,0.3333333333333333,3,1.0,0.26,8,1000,800654.3692225607,8006.543692225607,1.0,766.663440633366
100,300,0.3333333333333333,3,1.0,0.26,9,1000,800814.211989494,8008.14211989494,1.0,794.2229341651364
100,300,0.3333333333333333,3,1.0,0.26,10,1000,801771.5788897899,8017.715788897899,1.0,812.9098733317676
100,300,0.3333333333333333,3,1.0,0.26,11,1000,796008.909039699,7960.08909039699,1.0,756.7364611490476
100,300,0.3333333333333333,3,1.0,0.26,12,1000,801166.4784628245,8011.664784628245,1.0,789.4648068383392
100,300,0.3333333333333333,3,1.0,0.26,13,1000,802862.9967447451,8028.62996744745,1.0,834.1050878846116
100,300,0.3333333333333333,3,1.0,0.26,14,1000,797245.807061225,7972.45807061225,1.0,770.2468117818972
100,300,0.3333333333333333,3,1.0,0.26,15,1000,802094.5281780129,8020.945281780129,1.0,815.440138834909
100,300,0.3333333333333333,3,1.0,0.26,16,1000,797883.4131837281,7978.834131837281,1.0,792.1122805169624
100,300,0.3333333333333333,3,1.0,0.26,17,1000,800120.9870142301,8001.209870142301,1.0,807.7325695629055
100,300,0.3333333333333333,3,1.0,0.26,18,1000,798150.2600904031,7981.502600904031,1.0,784.1305229099578
100,300,0.3333333333333333,3,1.0,0.26,19,1000,803411.0632410613,8034.110632410613,1.0,786.459930814021
100,300,0.3333333333333333,3,1.0,0.26,20,1000,791554.1530460566,7915.541530460567,1.0,727.2002004286405
100,300,0.3333333333333333,3,1.0,0.26,21,1000,800737.1699701794,8007.371699701795,1.0,805.8445042059202
100,300,0.3333333333333333,3,1.0,0.26,22,1000,799379.8969002207,7993.798969002207,1.0,776.1063391589605
100,300,0.3333333333333333,3,1.0,0.26,23,1000,798479.2826486629,7984.79282648663,0.999,812.2703333763507
100,300,0.3333333333333333,3,1.0,0.26,24,1000,799056.1416622857,7990.561416622857,0.999,779.1856942629015
100,300,0.3333333333333333,3,1.0,0.26,25,1000,795198.2924874212,7951.982924874212,1.0,770.2550860781655
100,300,0.3333333333333333,3,1.0,0.26,26,1000,797383.0946126707,7973.830946126707,1.0,745.0533707478328
100,300,0.3333333333333333,3,1.0,0.26,27,1000,801801.4707165916,8018.014707165916,1.0,809.8617679425369
100,300,0.3333333333333333,3,1.0,0.26,28,1000,802922.6907926862,8029.226907926862,1.0,777.0802780814735
100,300,0.3333333333333333,3,1.0,0.26,29,1000,802538.2697886437,8025.382697886437,1.0,789.3583174786044
100,300,0.3333333333333333,3,1.0,0.26,30,1000,799030.8635624232,7990.308635624231,1.0,789.3766051689062
100,300,0.3333333333333333,3,1.0,0.26,31,1000,796100.0797299783,7961.000797299784,1.0,778.7612811185352
100,300,0.3333333333333333,3,1.0,0.26,32,1000,800950.7362708125,8009.507362708125,1.0,780.5576282109117
100,300,0.3333333333333333,3,1.0,0.26,33,1000,801364.9832428562,8013.649832428562,1.0,786.1901396986386
100,300,0.3333333333333333,3,1.0,0.26,34,1000,799538.7737640464,7995.3877376404635,1.0,789.6344523025869
100,300,0.3333333333333333,3,1.0,0.26,35,1000,799511.0537011666,7995.110537011667,1.0,796.3110881681174
100,300,0.3333333333333333,3,1.0,0.26,36,1000,798172.3051378542,7981.723051378542,1.0,774.2550413750399
100,300,0.3333333333333333,3,1.0,0.26,37,1000,796225.5246529543,7962.255246529543,1.0,783.6365811019963
100,300,0.3333333333333333,3,1.0,0.26,38,1000,802944.0297292552,8029.440297292553,1.0,803.1216500519502
100,300,0.3333333333333333,3,1.0,0.26,39,1000,800721.0561004175,8007.210561004175,1.0,784.5335780851902
100,300,0.3333333333333333,3,1.0,0.26,40,1000,803367.1261875276,8033.671261875275,1.0,789.8662390712121
100,300,0.3333333333333333,3,1.0,0.26,41,1000,796481.949120905,7964.81949120905,1.0,791.7309952388863
100,300,0.3333333333333333,3,1.0,0.26,42,1000,799902.0427137506,7999.020427137506,1.0,780.282554502471
100,300,0.3333333333333333,3,1.0,0.26,43,1000,801489.7168451278,8014.897168451277,1.0,835.3964292356726
100,300,0.3333333333333333,3,1.0,0.26,44,1000,798817.9107776013,7988.179107776013,1.0,783.7412122840548
100,300,0.3333333333333333,3,1.0,0.26,45,1000,801001.2295722989,8010.01229572299,1.0,816.0652461356241
100,300,0.3333333333333333,3,1.0,0.26,46,1000,801393.8391264023,8013.938391264022,1.0,785.3408168206847
100,300,0.3333333333333333,3,1.0,0.26,47,1000,794980.5185536827,7949.805185536828,1.0,769.4324399385749
100,300,0.3333333333333333,3,1.0,0.26,48,1000,797179.2754583674,7971.792754583675,1.0,816.1410697983772
100,300,0.3333333333333333,3,1.0,0.26,49,1000,799565.1938799383,7995.651938799383,1.0,801.4806920921955
100,300,0.3333333333333333,3,1.0,0.28,0,1000,783947.6662985334,7839.476662985335,1.0,733.3208893491652
100,300,0.3333333333333333,3,1.0,0.28,1,1000,782349.2690476843,7823.492690476843,0.999,758.9328531978969
100,300,0.3333333333333333,3,1.0,0.28,2,1000,784931.2485315985,7849.312485315985,1.0,747.0003333131676
100,300,0.3333333333333333,3,1.0,0.28,3,1000,783092.5117212177,7830.925117212177,1.0,756.6275953090877
100,300,0.3333333333333333,3,1.0,0.28,4,1000,784410.9275887067,7844.109275887067,1.0,724.2613779499102
100,300,0.3333333333333333,3,1.0,0.28,5,1000,786234.4406627931,7862.344406627931,1.0,756.3486372645704
100,300,0.3333333333333333,3,1.0,0.28,6,1000,786921.0241295618,7869.210241295618,1.0,744.1051290161306
100,300,0.3333333333333333,3,1.0,0.28,7,1000,788267.6269184282,7882.676269184282,1.0,729.0098718820718
100,300,0.3333333333333333,3,1.0,0.28,8,1000,788573.7444489715,7885.737444489715,1.0,750.0315579698462
100,300,0.3333333333333333,3,1.0,0.28,9,1000,788823.8141924025,7888.2381419240255,1.0,768.1861966061618
100,300,0.3333333333333333,3,1.0,0.28,10,1000,783944.9165073292,7839.4491650732925,1.0,726.6634608993415
100,300,0.3333333333333333,3,1.0,0.28,11,1000,788764.1684995282,7887.641684995282,1.0,750.6756802689587
100,300,0.3333333333333333,3,1.0,0.28,12,1000,786390.7079233687,7863.907079233687,1.0,765.2907280986597
100,300,0.3333333333333333,3,1.0,0.28,13,1000,789934.5896703252,7899.345896703252,1.0,725.0016495336679
100,300,0.3333333333333333,3,1.0,0.28,14,1000,790445.0497780322,7904.450497780323,1.0,774.861735471592
100,300,0.3333333333333333,3,1.0,0.28,15,1000,787527.4818198332,7875.274818198332,1.0,767.0324745202421
100,300,0.3333333333333333,3,1.0,0.28,16,1000,785196.4587971544,7851.964587971544,1.0,738.4723032257951
100,300,0.3333333333333333,3,1.0,0.28,17,1000,786980.1837149247,7869.801837149247,1.0,747.1677664814003
100,300,0.3333333333333333,3,1.0,0.28,18,1000,786049.180913689,7860.49180913689,1.0,715.4590213197478
100,300,0.3333333333333333,3,1.0,0.28,19,1000,793742.0235733142,7937.420235733141,1.0,774.3908454826002
100,300,0.3333333333333333,3,1.0,0.28,20,1000,790923.6999912458,7909.236999912458,1.0,756.5430342080738
100,300,0.3333333333333333,3,1.0,0.28,21,1000,784690.2325656306,7846.902325656306,1.0,741.8091994698211
100,300,0.3333333333333333,3,1.0,0.28,22,1000,781749.0865716371,7817.4908657163705,1.0,737.7810366502592
100,300,0.3333333333333333,3,1.0,0.28,23,1000,789162.0749180279,7891.620749180279,1.0,751.7841955698751
100,300,0.3333333333333333,3,1.0,0.28,24,1000,783294.4904886449,7832.944904886449,1.0,723.6678750100791
100,300,0.3333333333333333,3,1.0,0.28,25,1000,787277.2059823946,7872.772059823947,1.0,761.1564076768344
100,300,0.3333333333333333,3,1.0,0.28,26,1000,787902.0325363204,7879.0203253632035,1.0,734.7548566962305
100,300,0.3333333333333333,3,1.0,0.28,27,1000,785003.0849547379,7850.030849547379,1.0,748.4675455136055
100,300,0.3333333333333333,3,1.0,0.28,28,1000,786097.4466610128,7860.974466610129,1.0,741.2205137850771
100,300,0.3333333333333333,3,1.0,0.28,29,1000,788713.8215412733,7887.138215412732,1.0,758.94333568922
100,300,0.3333333333333333,3,1.0,0.28,30,1000,784130.3818313616,7841.303818313616,1.0,733.8452587710517
100,300,0.3333333333333333,3,1.0,0.28,31,1000,786644.0928983692,7866.440928983692,1.0,729.439471501528
100,300,0.3333333333333333,3,1.0,0.28,32,1000,783699.108668754,7836.99108668754,1.0,719.1359683827901
100,300,0.3333333333333333,3,1.0,0.28,33,1000,786774.5291665514,7867.745291665514,1.0,759.7114166676492
100,300,0.3333333333333333,3,1.0,0.28,34,1000,785331.7822689458,7853.317822689458,1.0,732.6040312001122
100,300,0.3333333333333333,3,1.0,0.28,35,1000,785700.9060207397,7857.009060207397,1.0,745.5714450307421
100,300,0.3333333333333333,3,1.0,0.28,36,1000,784151.5065271326,7841.5150652713255,1.0,755.6506004527159
100,300,0.3333333333333333,3,1.0,0.28,37,1000,785303.0688813545,7853.030688813546,1.0,748.1298503349624
100,300,0.3333333333333333,3,1.0,0.28,38,1000,782504.9567905868,7825.049567905869,1.0,761.3473802895635
100,300,0.3333333333333333,3,1.0,0.28,39,1000,785645.6036544133,7856.456036544132,1.0,759.0006711090251
100,300,0.3333333333333333,3,1.0,0.28,40,1000,789587.9348719413,7895.879348719413,1.0,736.0958558391438
100,300,0.3333333333333333,3,1.0,0.28,41,1000,784555.3749094342,7845.5537490943425,1.0,729.6601592192002
100,300,0.3333333333333333,3,1.0,0.28,42,1000,784022.4717234405,7840.224717234404,1.0,762.9794172437802
100,300,0.3333333333333333,3,1.0,0.28,43,1000,790750.0204885356,7907.500204885357,1.0,739.8290848774162
100,300,0.3333333333333333,3,1.0,0.28,44,1000,784673.0035606133,7846.730035606132,1.0,736.933583544761
100,300,0.3333333333333333,3,1.0,0.28,45,1000,786442.4405085774,7864.424405085774,1.0,740.7139051581648
100,300,0.3333333333333333,3,1.0,0.28,46,1000,785846.7591401554,7858.467591401554,1.0,750.1650780399805
100,300,0.3333333333333333,3,1.0,0.28,47,1000,783385.881780066,7833.858817800659,1.0,731.9761705916004
100,300,0.3333333333333333,3,1.0,0.28,48,1000,785990.7157261807,7859.907157261807,1.0,745.0116745198145
100,300,0.3333333333333333,3,1.0,0.28,49,1000,786102.4313822406,7861.024313822406,1.0,746.2626322739901
100,300,0.3333333333333333,3,1.0,0.3,0,1000,769781.8840894166,7697.818840894166,1.0,689.5621675824868
100,300,0.3333333333333333,3,1.0,0.3,1,1000,773948.1509813059,7739.481509813058,1.0,694.594548714054
100,300,0.3333333333333333,3,1.0,0.3,2,1000,769495.7836932917,7694.957836932917,1.0,726.8235362767134
100,300,0.3333333333333333,3,1.0,0.3,3,1000,770015.847042337,7700.158470423369,1.0,719.2198985809517
100,300,0.3333333333333333,3,1.0,0.3,4,1000,767513.7743598274,7675.137743598274,1.0,651.4614024886891
100,300,0.3333333333333333,3,1.0,0.3,5,1000,769952.9602706362,7699.529602706362,1.0,723.926239008355
100,300,0.3333333333333333,3,1.0,0.3,6,1000,770184.5296249383,7701.845296249383,1.0,708.1611764467667
100,300,0.3333333333333333,3,1.0,0.3,7,1000,768713.4544999457,7687.134544999458,1.0,681.5701915688089
100,300,0.3333333333333333,3,1.0,0.3,8,1000,766084.9614523462,7660.849614523462,1.0,701.4722935029281
100,300,0.3333333333333333,3,1.0,0.3,9,1000,770239.5478275659,7702.395478275659,1.0,704.9732700705468
100,300,0.3333333333333333,3,1.0,0.3,10,1000,771862.8067819478,7718.628067819478,1.0,724.3823763762879
100,300,0.3333333333333333,3,1.0,0.3,11,1000,775192.9395418599,7751.929395418599,1.0,715.8993683855676
100,300,0.3333333333333333,3,1.0,0.3,12,1000,770670.0272098167,7706.700272098167,1.0,701.3140217448212
100,300,0.3333333333333333,3,1.0,0.3,13,1000,775854.9450031811,7758.549450031811,1.0,714.3885482042414
100,300,0.3333333333333333,3,1.0,0.3,14,1000,772187.5617330722,7721.875617330722,1.0,704.7863712965947
100,300,0.3333333333333333,3,1.0,0.3,15,1000,771010.4397867256,7710.104397867256,1.0,681.3923531765779
100,300,0.3333333333333333,3,1.0,0.3,16,1000,774155.1582870475,7741.551582870476,1.0,706.9652823496316
100,300,0.3333333333333333,3,1.0,0.3,17,1000,767937.087347261,7679.370873472611,1.0,700.5080571279888
100,300,0.3333333333333333,3,1.0,0.3,18,1000,773023.2539515736,7730.232539515736,1.0,694.2848014151907
100,300,0.3333333333333333,3,1.0,0.3,19,1000,773674.0676443382,7736.740676443383,1.0,720.9166024748766
100,300,0.3333333333333333,3,1.0,0.3,20,1000,772246.3827454983,7722.463827454983,1.0,739.3179102957828
100,300,0.3333333333333333,3,1.0,0.3,21,1000,770520.6848813157,7705.206848813157,1.0,684.1465138681239
100,300,0.3333333333333333,3,1.0,0.3,22,1000,773815.7215043821,7738.1572150438205,1.0,722.6123689873446
100,300,0.3333333333333333,3,1.0,0.3,23,1000,768519.3765957197,7685.193765957197,1.0,689.8935396349443
100,300,0.3333333333333333,3,1.0,0.3,24,1000,769798.2360721047,7697.9823607210465,1.0,713.1997474485587
100,300,0.3333333333333333,3,1.0,0.3,25,1000,770036.962498488,7700.36962498488,1.0,688.5260450930658
100,300,0.3333333333333333,3,1.0,0.3,26,1000,771822.5142337391,7718.225142337391,1.0,699.508286947658
100,300,0.3333333333333333,3,1.0,0.3,27,1000,771067.8355669345,7710.678355669345,1.0,716.6789712681476
100,300,0.3333333333333333,3,1.0,0.3,28,1000,773182.5030313598,7731.825030313597,1.0,719.4265562809132
100,300,0.3333333333333333,3,1.0,0.3,29,1000,770270.1812962946,7702.701812962946,1.0,689.4519299871616
100,300,0.3333333333333333,3,1.0,0.3,30,1000,768635.5909794943,7686.355909794943,1.0,674.6628455152824
100,300,0.3333333333333333,3,1.0,0.3,31,1000,768685.5608901735,7686.855608901736,1.0,721.8676624048154
100,300,0.3333333333333333,3,1.0,0.3,32,1000,772369.917609858,7723.69917609858,1.0,718.5563867435268
100,300,0.3333333333333333,3,1.0,0.3,33,1000,769682.6137460347,7696.826137460347,1.0,688.5516861642453
100,300,0.3333333333333333,3,1.0,0.3,34,1000,771316.1951249802,7713.161951249802,1.0,722.6645025265382
100,300,0.3333333333333333,3,1.0,0.3,35,1000,769809.6982463137,7698.0969824631375,1.0,686.6595292562007
100,300,0.3333333333333333,3,1.0,0.3,36,1000,771091.3331078273,7710.913331078274,1.0,675.4624671389312
100,300,0.3333333333333333,3,1.0,0.3,37,1000,770058.3366350001,7700.583366350001,1.0,677.8941075194898
100,300,0.3333333333333333,3,1.0,0.3,38,1000,772802.8774910924,7728.028774910924,1.0,704.7264308620387
100,300,0.3333333333333333,3,1.0,0.3,39,1000,770117.4955746424,7701.1749557464245,1.0,687.8063088316451
100,300,0.3333333333333333,3,1.0,0.3,40,1000,778153.296121305,7781.53296121305,1.0,733.2879615320592
100,300,0.3333333333333333,3,1.0,0.3,41,1000,771269.0805352658,7712.690805352659,1.0,709.3870987591665
100,300,0.3333333333333333,3,1.0,0.3,42,1000,774721.4733506968,7747.2147335069685,1.0,712.8319053248562
100,300,0.3333333333333333,3,1.0,0.3,43,1000,771141.1404247575,7711.411404247575,1.0,703.9118813876765
100,300,0.3333333333333333,3,1.0,0.3,44,1000,765119.849129483,7651.19849129483,1.0,701.3216636824046
100,300,0.3333333333333333,3,1.0,0.3,45,1000,769205.3352372068,7692.053352372068,1.0,693.0506755399916
100,300,0.3333333333333333,3,1.0,0.3,46,1000,768343.7500406607,7683.437500406607,1.0,728.5508035346182
100,300,0.3333333333333333,3,1.0,0.3,47,1000,768885.2813645194,7688.852813645194,1.0,708.7325277290313
100,300,0.3333333333333333,3,1.0,0.3,48,1000,775105.0128574226,7751.050128574226,1.0,746.233129044773
100,300,0.3333333333333333,3,1.0,0.3,49,1000,773801.7181967467,7738.017181967467,1.0,730.8774537986859
100,300,0.3333333333333333,3,1.0,0.35,0,1000,732640.0015830623,7326.4000158306235,1.0,594.1468851120202
100,300,0.3333333333333333,3,1.0,0.35,1,1000,732560.2342175565,7325.602342175565,1.0,578.1634054824543
100,300,0.3333333333333333,3,1.0,0.35,2,1000,734884.1899148086,7348.841899148086,1.0,610.436787792186
100,300,0.3333333333333333,3,1.0,0.35,3,1000,737139.1790877266,7371.391790877266,1.0,571.3499337852878
100,300,0.3333333333333333,3,1.0,0.35,4,1000,732166.3768703631,7321.663768703631,1.0,559.4701263345189
100,300,0.3333333333333333,3,1.0,0.35,5,1000,736169.3392177303,7361.693392177303,1.0,591.5984188932268
100,300,0.3333333333333333,3,1.0,0.35,6,1000,737350.5626201199,7373.5056262011985,1.0,592.0034611524375
100,300,0.3333333333333333,3,1.0,0.35,7,1000,731996.3525690845,7319.963525690845,1.0,572.6661471352907
100,300,0.3333333333333333,3,1.0,0.35,8,1000,736906.0206313011,7369.060206313011,1.0,584.0716993035928
100,300,0.3333333333333333,3,1.0,0.35,9,1000,738869.6182584319,7388.696182584319,1.0,601.8351820302357
100,300,0.3333333333333333,3,1.0,0.35,10,1000,737089.0781033514,7370.890781033514,1.0,583.1743916149247
100,300,0.3333333333333333,3,1.0,0.35,11,1000,739402.0292545735,7394.020292545735,1.0,598.0004000363459
100,300,0.3333333333333333,3,1.0,0.35,12,1000,734277.8067491802,7342.778067491802,1.0,577.0242081581351
100,300,0.3333333333333333,3,1.0,0.35,13,1000,737356.7201560256,7373.567201560256,1.0,603.4270247894067
100,300,0.3333333333333333,3,1.0,0.35,14,1000,734260.5536397316,7342.605536397316,1.0,578.0398196125716
100,300,0.3333333333333333,3,1.0,0.35,15,1000,731950.2096869295,7319.502096869295,1.0,594.8826369420923
100,300,0.3333333333333333,3,1.0,0.35,16,1000,738213.6293671918,7382.136293671918,1.0,601.3981010949278
100,300,0.3333333333333333,3,1.0,0.35,17,1000,729827.1368284621,7298.2713682846215,1.0,551.2480833561272
100,300,0.3333333333333333,3,1.0,0.35,18,1000,736283.9200059148,7362.8392000591475,1.0,602.0842618242482
100,300,0.3333333333333333,3,1.0,0.35,19,1000,734835.2582024788,7348.352582024788,1.0,583.6801257533373
100,300,0.3333333333333333,3,1.0,0.35,20,1000,736832.5852184703,7368.325852184703,1.0,571.7996828233986
100,300,0.3333333333333333,3,1.0,0.35,21,1000,737344.5924783221,7373.445924783221,1.0,595.4057142319612
100,300,0.3333333333333333,3,1.0,0.35,22,1000,743773.2083723353,7437.732083723353,1.0,624.578185766069
100,300,0.3333333333333333,3,1.0,0.35,23,1000,734823.5996966695,7348.235996966695,1.0,577.3086995272446
100,300,0.3333333333333333,3,1.0,0.35,24,1000,736557.5735936891,7365.575735936891,1.0,569.2661252090953
100,300,0.3333333333333333,3,1.0,0.35,25,1000,737868.9635159288,7378.689635159289,1.0,583.6115303333297
100,300,0.3333333333333333,3,1.0,0.35,26,1000,735857.4838667391,7358.574838667391,1.0,565.4402242352573
100,300,0.3333333333333333,3,1.0,0.35,27,1000,734802.6545811407,7348.026545811407,1.0,609.1857900241189
100,300,0.3333333333333333,3,1.0,0.35,28,1000,735605.2585467914,7356.052585467914,1.0,575.0935641193747
100,300,0.3333333333333333,3,1.0,0.35,29,1000,732732.7169441397,7327.327169441397,1.0,557.6666776368278
100,300,0.3333333333333333,3,1.0,0.35,30,1000,735876.6500909263,7358.766500909263,1.0,571.3139784498106
100,300,0.3333333333333333,3,1.0,0.35,31,1000,735055.1204823473,7350.551204823473,1.0,579.1436879355009
100,300,0.3333333333333333,3,1.0,0.35,32,1000,736600.8811222462,7366.008811222461,1.0,612.1109070600813
100,300,0.3333333333333333,3,1.0,0.35,33,1000,733563.767371317,7335.63767371317,1.0,551.2181973423667
100,300,0.3333333333333333,3,1.0,0.35,34,1000,732996.4814163386,7329.964814163386,1.0,583.8504924725213
100,300,0.3333333333333333,3,1.0,0.35,35,1000,735449.0062262225,7354.490062262225,1.0,571.1027225701037
100,300,0.3333333333333333,3,1.0,0.35,36,1000,733505.0706197,7335.050706197,1.0,557.1240012193612
100,300,0.3333333333333333,3,1.0,0.35,37,1000,737550.4773163354,7375.504773163354,1.0,565.7848050624025
100,300,0.3333333333333333,3,1.0,0.35,38,1000,735934.0473057649,7359.3404730576485,1.0,600.67948882975
100,300,0.3333333333333333,3,1.0,0.35,39,1000,731411.3048088107,7314.1130480881075,1.0,572.0499248944943
100,300,0.3333333333333333,3,1.0,0.35,40,1000,736761.5875226189,7367.615875226189,1.0,578.4448824023902
100,300,0.3333333333333333,3,1.0,0.35,41,1000,732560.3067413758,7325.603067413758,1.0,557.1774678541158
100,300,0.3333333333333333,3,1.0,0.35,42,1000,734263.8462083222,7342.638462083222,1.0,555.8859230539441
100,300,0.3333333333333333,3,1.0,0.35,43,1000,732857.5266672133,7328.575266672133,1.0,567.7631784900635
100,300,0.3333333333333333,3,1.0,0.35,44,1000,736504.9838387456,7365.0498383874565,1.0,601.3975521654164
100,300,0.3333333333333333,3,1.0,0.35,45,1000,738092.8005235541,7380.928005235541,1.0,576.6267220116891
100,300,0.3333333333333333,3,1.0,0.35,46,1000,734361.2181622516,7343.612181622517,1.0,566.9406807742854
100,300,0.3333333333333333,3,1.0,0.35,47,1000,732849.8829582006,7328.498829582007,1.0,559.511272322157
100,300,0.3333333333333333,3,1.0,0.35,48,1000,734713.9399744321,7347.139399744321,1.0,565.3496390081345
100,300,0.3333333333333333,3,1.0,0.35,49,1000,734954.0729061337,7349.5407290613375,1.0,590.655955519035
100,300,0.3333333333333333,3,1.0,0.4,0,1000,702242.1195523022,7022.421195523022,1.0,458.6108852279702
100,300,0.3333333333333333,3,1.0,0.4,1,1000,700301.27852864,7003.012785286401,1.0,420.5207535444239
100,300,0.3333333333333333,3,1.0,0.4,2,1000,705930.3999545797,7059.303999545797,1.0,475.3484061221488
100,300,0.3333333333333333,3,1.0,0.4,3,1000,705230.2649500795,7052.302649500795,1.0,435.59674835220403
100,300,0.3333333333333333,3,1.0,0.4,4,1000,700917.6564091014,7009.176564091014,1.0,435.33591604647046
100,300,0.3333333333333333,3,1.0,0.4,5,1000,699533.3368184952,6995.333368184952,1.0,446.0053426753449
100,300,0.3333333333333333,3,1.0,0.4,6,1000,705488.5657831824,7054.885657831824,1.0,461.3520750120361
100,300,0.3333333333333333,3,1.0,0.4,7,1000,703042.3425240881,7030.423425240881,1.0,433.8874696020135
100,300,0.3333333333333333,3,1.0,0.4,8,1000,699682.1464244596,6996.821464244596,1.0,424.5046472098341
100,300,0.3333333333333333,3,1.0,0.4,9,1000,700332.5741444966,7003.325741444965,1.0,440.3673836351123
100,300,0.3333333333333333,3,1.0,0.4,10,1000,699075.230812296,6990.75230812296,1.0,453.9455664977667
100,300,0.3333333333333333,3,1.0,0.4,11,1000,702537.7553864083,7025.377553864083,1.0,472.2752298006634
100,300,0.3333333333333333,3,1.0,0.4,12,1000,704215.5155552786,7042.155155552787,1.0,454.0046667424808
100,300,0.3333333333333333,3,1.0,0.4,13,1000,702257.1682838708,7022.571682838708,1.0,459.67981251423964
100,300,0.3333333333333333,3,1.0,0.4,14,1000,702394.5268915863,7023.9452689158625,1.0,425.9301560293585
100,300,0.3333333333333333,3,1.0,0.4,15,1000,699180.7525213653,6991.807525213653,1.0,433.3930554985064
100,300,0.3333333333333333,3,1.0,0.4,16,1000,701659.2707112288,7016.592707112289,1.0,431.9183567673701
100,300,0.3333333333333333,3,1.0,0.4,17,1000,705337.3871459778,7053.3738714597785,1.0,491.93541043072486
100,300,0.3333333333333333,3,1.0,0.4,18,1000,702661.4121286386,7026.614121286386,1.0,449.7351277651337
100,300,0.3333333333333333,3,1.0,0.4,19,1000,703801.5168689352,7038.015168689352,1.0,435.5942040095088
100,300,0.3333333333333333,3,1.0,0.4,20,1000,704101.6041972723,7041.0160419727235,1.0,457.98907505072896
100,300,0.3333333333333333,3,1.0,0.4,21,1000,705189.4523240712,7051.894523240712,1.0,494.0318996685771
100,300,0.3333333333333333,3,1.0,0.4,22,1000,702690.2146781033,7026.9021467810335,1.0,449.9466845265284
100,300,0.3333333333333333,3,1.0,0.4,23,1000,699815.6704790832,6998.156704790832,1.0,427.49053788833095
100,300,0.3333333333333333,3,1.0,0.4,24,1000,702681.8734870472,7026.818734870471,1.0,450.4448528147689
100,300,0.3333333333333333,3,1.0,0.4,25,1000,702834.0174856315,7028.340174856316,1.0,453.8466872772664
100,300,0.3333333333333333,3,1.0,0.4,26,1000,704293.4627602235,7042.934627602235,1.0,457.56891789922105
100,300,0.3333333333333333,3,1.0,0.4,27,1000,703660.2302434928,7036.602302434928,1.0,462.29985312365625
100,300,0.3333333333333333,3,1.0,0.4,28,1000,701925.5677845507,7019.255677845507,1.0,432.3498661662807
100,300,0.3333333333333333,3,1.0,0.4,29,1000,700919.8033735374,7009.198033735373,1.0,440.5866285950877
100,300,0.3333333333333333,3,1.0,0.4,30,1000,700439.2564460429,7004.392564460429,1.0,455.06097365427297
100,300,0.3333333333333333,3,1.0,0.4,31,1000,703189.356162268,7031.89356162268,1.0,420.0379960121368
100,300,0.3333333333333333,3,1.0,0.4,32,1000,703052.6015867572,7030.526015867572,1.0,446.6893598141259
100,300,0.3333333333333333,3,1.0,0.4,33,1000,703899.8618402515,7038.998618402515,1.0,470.76789947881605
100,300,0.3333333333333333,3,1.0,0.4,34,1000,701439.9656220437,7014.3996562204375,1.0,453.2905854957066
100,300,0.3333333333333333,3,1.0,0.4,35,1000,704658.2022028533,7046.582022028533,1.0,447.46034410062674
100,300,0.3333333333333333,3,1.0,0.4,36,1000,705718.3930168169,7057.183930168169,1.0,489.28848725683133
100,300,0.3333333333333333,3,1.0,0.4,37,1000,703995.4882399405,7039.954882399405,1.0,454.38076895533203
100,300,0.3333333333333333,3,1.0,0.4,38,1000,704673.0165883299,7046.730165883299,1.0,434.0569839171896
100,300,0.3333333333333333,3,1.0,0.4,39,1000,700786.639359725,7007.866393597251,1.0,424.22845253918433
100,300,0.3333333333333333,3,1.0,0.4,40,1000,706383.6399789302,7063.836399789302,1.0,477.591785101399
100,300,0.3333333333333333,3,1.0,0.4,41,1000,702281.3578299276,7022.813578299276,1.0,478.9217911783081
100,300,0.3333333333333333,3,1.0,0.4,42,1000,701582.8140316114,7015.8281403161145,1.0,466.8229951712885
100,300,0.3333333333333333,3,1.0,0.4,43,1000,703855.9326348952,7038.559326348952,1.0,457.5177025124704
100,300,0.3333333333333333,3,1.0,0.4,44,1000,703025.2713056912,7030.252713056912,1.0,413.874111658152
100,300,0.3333333333333333,3,1.0,0.4,45,1000,699079.8867904581,6990.798867904581,1.0,422.94629954064357
100,300,0.3333333333333333,3,1.0,0.4,46,1000,702346.4672547862,7023.4646725478615,1.0,430.61060820969027
100,300,0.3333333333333333,3,1.0,0.4,47,1000,700661.4616231929,7006.614616231929,1.0,419.5920544808875
100,300,0.3333333333333333,3,1.0,0.4,48,1000,702662.0238804484,7026.620238804484,1.0,426.7967928624288
100,300,0.3333333333333333,3,1.0,0.4,49,1000,700419.7320855167,7004.197320855167,1.0,432.80887894079183
100,300,0.3333333333333333,3,1.0,0.45,0,1000,673900.6464340723,6739.006464340723,1.0,311.8343093942495
100,300,0.3333333333333333,3,1.0,0.45,1,1000,675542.2597883067,6755.422597883066,1.0,327.91789866556854
100,300,0.3333333333333333,3,1.0,0.45,2,1000,674943.4017670654,6749.434017670654,1.0,329.8362130692279
100,300,0.3333333333333333,3,1.0,0.45,3,1000,672968.0018959981,6729.680018959982,1.0,330.6816589186767
100,300,0.3333333333333333,3,1.0,0.45,4,1000,674456.0118068248,6744.560118068248,1.0,313.90543329812704
100,300,0.3333333333333333,3,1.0,0.45,5,1000,676526.6681665333,6765.266681665334,1.0,338.4122810961001
100,300,0.3333333333333333,3,1.0,0.45,6,1000,676107.3614932166,6761.073614932166,1.0,344.65346239895536
100,300,0.3333333333333333,3,1.0,0.45,7,1000,672104.479718797,6721.04479718797,1.0,321.1645491650935
100,300,0.3333333333333333,3,1.0,0.45,8,1000,670363.2652415732,6703.632652415732,1.0,329.09461108269096
100,300,0.3333333333333333,3,1.0,0.45,9,1000,672109.2520974964,6721.092520974964,1.0,327.1099366040022
100,300,0.3333333333333333,3,1.0,0.45,10,1000,675926.673122026,6759.26673122026,1.0,311.83903361263293
100,300,0.3333333333333333,3,1.0,0.45,11,1000,671925.1045615781,6719.251045615782,1.0,304.00835648412095
100,300,0.3333333333333333,3,1.0,0.45,12,1000,674718.741667245,6747.18741667245,1.0,338.42585093687904
100,300,0.3333333333333333,3,1.0,0.45,13,1000,671451.9666912515,6714.519666912515,1.0,296.1042322221867
100,300,0.3333333333333333,3,1.0,0.45,14,1000,675711.6880262562,6757.116880262562,1.0,336.9415133787117
100,300,0.3333333333333333,3,1.0,0.45,15,1000,671498.9992170245,6714.989992170245,1.0,286.2797999062864
100,300,0.3333333333333333,3,1.0,0.45,16,1000,673902.5718920402,6739.025718920402,1.0,352.8267195392293
100,300,0.3333333333333333,3,1.0,0.45,17,1000,675680.8040335769,6756.808040335769,1.0,312.8029385210652
100,300,0.3333333333333333,3,1.0,0.45,18,1000,675971.8234519686,6759.718234519686,1.0,331.1868132097506
100,300,0.3333333333333333,3,1.0,0.45,19,1000,675691.4252308552,6756.914252308552,1.0,339.1012540607199
100,300,0.3333333333333333,3,1.0,0.45,20,1000,674882.5425637002,6748.825425637002,1.0,351.0093972501528
100,300,0.3333333333333333,3,1.0,0.45,21,1000,672971.8836635179,6729.718836635179,1.0,351.5268710095209
100,300,0.3333333333333333,3,1.0,0.45,22,1000,672705.1731319361,6727.051731319361,1.0,345.60260879849295
100,300,0.3333333333333333,3,1.0,0.45,23,1000,674096.1545965581,6740.961545965581,1.0,344.9057869983917
100,300,0.3333333333333333,3,1.0,0.45,24,1000,672660.3225940287,6726.603225940286,1.0,324.43657667909144
100,300,0.3333333333333333,3,1.0,0.45,25,1000,672991.5346088504,6729.915346088504,1.0,305.0089357106692
100,300,0.3333333333333333,3,1.0,0.45,26,1000,679873.5852938178,6798.735852938178,1.0,353.22086712022724
100,300,0.3333333333333333,3,1.0,0.45,27,1000,674980.6032262377,6749.806032262377,1.0,312.5941221114822
100,300,0.3333333333333333,3,1.0,0.45,28,1000,673540.6254990704,6735.406254990704,1.0,342.6138005116771
100,300,0.3333333333333333,3,1.0,0.45,29,1000,671840.5044222934,6718.405044222934,1.0,310.0035514982985
100,300,0.3333333333333333,3,1.0,0.45,30,1000,673397.0354207915,6733.970354207915,1.0,318.2094849480415
100,300,0.3333333333333333,3,1.0,0.45,31,1000,671418.2085836995,6714.182085836996,1.0,286.6045852102921
100,300,0.3333333333333333,3,1.0,0.45,32,1000,673129.3480749617,6731.293480749617,1.0,362.44873837601796
100,300,0.3333333333333333,3,1.0,0.45,33,1000,674816.8520316102,6748.168520316102,1.0,295.8036916529729
100,300,0.3333333333333333,3,1.0,0.45,34,1000,674466.0349524312,6744.660349524313,1.0,355.41361554803757
100,300,0.3333333333333333,3,1.0,0.45,35,1000,672963.3255835588,6729.633255835588,1.0,338.2740221390458
100,300,0.3333333333333333,3,1.0,0.45,36,1000,672211.1364968707,6722.111364968707,1.0,339.7025172770913
100,300,0.3333333333333333,3,1.0,0.45,37,1000,672803.8202083763,6728.038202083762,1.0,277.5739911496313
100,300,0.3333333333333333,3,1.0,0.45,38,1000,675809.574915584,6758.095749155839,1.0,349.1522416878288
100,300,0.3333333333333333,3,1.0,0.45,39,1000,674179.6958050714,6741.796958050714,1.0,321.8999706408617
100,300,0.3333333333333333,3,1.0,0.45,40,1000,675676.8910842226,6756.7689108422255,1.0,319.9236541820041
100,300,0.3333333333333333,3,1.0,0.45,41,1000,671219.9606460971,6712.199606460971,1.0,324.60873953746375
100,300,0.3333333333333333,3,1.0,0.45,42,1000,676740.8855114374,6767.408855114374,1.0,345.7513489920011
100,300,0.3333333333333333,3,1.0,0.45,43,1000,672550.6816488622,6725.506816488622,1.0,278.7070221782233
100,300,0.3333333333333333,3,1.0,0.45,44,1000,672811.9985274423,6728.119985274423,1.0,324.4789699401561
100,300,0.3333333333333333,3,1.0,0.45,45,1000,674531.9157105531,6745.31915710553,1.0,328.74710281218114
100,300,0.3333333333333333,3,1.0,0.45,46,1000,672477.7273570207,6724.777273570207,1.0,313.9167090451123
100,300,0.3333333333333333,3,1.0,0.45,47,1000,673230.5832562923,6732.305832562923,1.0,341.97503776801994
100,300,0.3333333333333333,3,1.0,0.45,48,1000,673738.0425706287,6737.380425706287,1.0,309.26041030522356
100,300,0.3333333333333333,3,1.0,0.45,49,1000,673234.3302619647,6732.343302619647,1.0,329.7724890224099
100,300,0.3333333333333333,3,1.0,0.5,0,1000,652402.194377693,6524.02194377693,1.0,237.3485987950397
100,300,0.3333333333333333,3,1.0,0.5,1,1000,651144.2497471815,6511.442497471816,1.0,252.3243781773163
100,300,0.3333333333333333,3,1.0,0.5,2,1000,650979.243957016,6509.79243957016,1.0,214.08676211545435
100,300,0.3333333333333333,3,1.0,0.5,3,1000,648869.1101111281,6488.691101111281,1.0,232.0409643382002
100,300,0.3333333333333333,3,1.0,0.5,4,1000,651212.9535911616,6512.129535911617,1.0,215.24211832849014
100,300,0.3333333333333333,3,1.0,0.5,5,1000,650560.2549792413,6505.602549792413,1.0,219.98926019322857
100,300,0.3333333333333333,3,1.0,0.5,6,1000,649191.9248705372,6491.919248705372,1.0,238.8000980564666
100,300,0.3333333333333333,3,1.0,0.5,7,1000,648478.8509495867,6484.788509495867,1.0,242.5146670749697
100,300,0.3333333333333333,3,1.0,0.5,8,1000,648998.3579604257,6489.983579604257,1.0,236.5336968373717
100,300,0.3333333333333333,3,1.0,0.5,9,1000,651799.2819081281,6517.992819081281,1.0,249.4862950534747
100,300,0.3333333333333333,3,1.0,0.5,10,1000,652764.1293439632,6527.641293439632,1.0,241.7575069859848
100,300,0.3333333333333333,3,1.0,0.5,11,1000,653650.4120625547,6536.504120625547,1.0,235.1680434340047
100,300,0.3333333333333333,3,1.0,0.5,12,1000,649217.8452572431,6492.1784525724315,1.0,238.90852462498526
100,300,0.3333333333333333,3,1.0,0.5,13,1000,650793.492134871,6507.934921348709,1.0,223.47188291595296
100,300,0.3333333333333333,3,1.0,0.5,14,1000,649020.4726704822,6490.204726704822,1.0,239.96977018807334
100,300,0.3333333333333333,3,1.0,0.5,15,1000,651209.7790197468,6512.097790197468,1.0,268.1430043533911
100,300,0.3333333333333333,3,1.0,0.5,16,1000,650338.0888075054,6503.380888075055,1.0,237.47199974206475
100,300,0.3333333333333333,3,1.0,0.5,17,1000,649255.598035363,6492.55598035363,1.0,230.2144578801972
100,300,0.3333333333333333,3,1.0,0.5,18,1000,651406.4841699578,6514.064841699578,1.0,228.7650296363374
100,300,0.3333333333333333,3,1.0,0.5,19,1000,650421.9923131265,6504.219923131264,1.0,231.10281502370435
100,300,0.3333333333333333,3,1.0,0.5,20,1000,649734.5821608682,6497.345821608682,1.0,231.59940254316854
100,300,0.3333333333333333,3,1.0,0.5,21,1000,652425.6017590206,6524.256017590206,1.0,250.28138627432034
100,300,0.3333333333333333,3,1.0,0.5,22,1000,651253.5435136837,6512.535435136837,1.0,213.23410432508388
100,300,0.3333333333333333,3,1.0,0.5,23,1000,648416.5638169615,6484.165638169615,1.0,216.57254539529828
100,300,0.3333333333333333,3,1.0,0.5,24,1000,649928.7442555951,6499.287442555951,1.0,242.42943172366842
100,300,0.3333333333333333,3,1.0,0.5,25,1000,650930.0815824689,6509.300815824689,1.0,231.3235482139785
100,300,0.3333333333333333,3,1.0,0.5,26,1000,653016.5655602477,6530.165655602477,1.0,250.23264952973915
100,300,0.3333333333333333,3,1.0,0.5,27,1000,650907.0595791559,6509.070595791559,1.0,222.4148374138594
100,300,0.3333333333333333,3,1.0,0.5,28,1000,649290.0471264719,6492.900471264718,1.0,265.1226575718557
100,300,0.3333333333333333,3,1.0,0.5,29,1000,651243.3876810106,6512.433876810106,1.0,216.18748783895296
100,300,0.3333333333333333,3,1.0,0.5,30,1000,653669.0985476671,6536.690985476672,1.0,245.66737660602985
100,300,0.3333333333333333,3,1.0,0.5,31,1000,651897.6499096996,6518.976499096996,1.0,253.62309681702612
100,300,0.3333333333333333,3,1.0,0.5,32,1000,651061.7002779515,6510.617002779515,1.0,235.85278215722823
100,300,0.3333333333333333,3,1.0,0.5,33,1000,651655.0043020889,6516.550043020889,1.0,235.33576518914947
100,300,0.3333333333333333,3,1.0,0.5,34,1000,650363.2999350353,6503.632999350353,1.0,204.4882857072604
100,300,0.3333333333333333,3,1.0,0.5,35,1000,650391.1361317469,6503.9113613174695,1.0,230.79319249460693
100,300,0.3333333333333333,3,1.0,0.5,36,1000,648794.3024378074,6487.943024378074,1.0,247.27854426301752
100,300,0.3333333333333333,3,1.0,0.5,37,1000,652298.4692524113,6522.984692524113,1.0,218.62833839562887
100,300,0.3333333333333333,3,1.0,0.5,38,1000,653152.3992210358,6531.523992210357,1.0,224.83066346620964
100,300,0.3333333333333333,3,1.0,0.5,39,1000,649226.2697266897,6492.262697266897,1.0,214.1074331596574
100,300,0.3333333333333333,3,1.0,0.5,40,1000,652378.1839269551,6523.781839269551,1.0,222.81989799822543
100,300,0.3333333333333333,3,1.0,0.5,41,1000,650004.3784425664,6500.043784425664,1.0,214.92509822798783
100,300,0.3333333333333333,3,1.0,0.5,42,1000,648959.1614949114,6489.591614949114,1.0,272.69936739277193
100,300,0.3333333333333333,3,1.0,0.5,43,1000,653249.832001143,6532.49832001143,1.0,228.1509692004358
100,300,0.3333333333333333,3,1.0,0.5,44,1000,652362.3251930804,6523.623251930803,1.0,243.12691577783534
100,300,0.3333333333333333,3,1.0,0.5,45,1000,652612.0385122454,6526.120385122454,1.0,260.07321311465927
100,300,0.3333333333333333,3,1.0,0.5,46,1000,651575.1797321136,6515.751797321136,1.0,211.94060450605116
100,300,0.3333333333333333,3,1.0,0.5,47,1000,651780.2727938915,6517.802727938915,1.0,261.5690391910567
100,300,0.3333333333333333,3,1.0,0.5,48,1000,650300.2068368122,6503.002068368122,1.0,266.3735590919671
100,300,0.3333333333333333,3,1.0,0.5,49,1000,652484.8482409907,6524.848482409907,1.0,247.4690547851339
100,400,0.25,4,1.0,0.01,0,1000,806587.6803766991,8065.876803766991,0.818,1887.2947863017732
100,400,0.25,4,1.0,0.01,1,1000,773087.4521490078,7730.874521490078,0.725,1917.3831122082588
100,400,0.25,4,1.0,0.01,2,1000,772577.6539089377,7725.776539089377,0.995,1918.36499926762
100,400,0.25,4,1.0,0.01,3,1000,762281.5806836729,7622.815806836729,0.855,1784.4579236648797
100,400,0.25,4,1.0,0.01,4,1000,745485.4897870957,7454.854897870957,0.999,1820.9772109353119
100,400,0.25,4,1.0,0.01,5,1000,750895.2246701411,7508.952246701411,0.989,1897.4317413775684
100,400,0.25,4,1.0,0.01,6,1000,775806.6513624504,7758.066513624504,0.884,2097.7095372310846
100,400,0.25,4,1.0,0.01,7,1000,766651.6633109337,7666.516633109338,0.786,1910.9160370743505
100,400,0.25,4,1.0,0.01,8,1000,771042.7824742198,7710.427824742198,0.812,2005.2998288394244
100,400,0.25,4,1.0,0.01,9,1000,783804.2786719376,7838.042786719377,0.986,1859.7215772829206
100,400,0.25,4,1.0,0.01,10,1000,791380.8337796954,7913.808337796954,0.614,1925.1598271301523
100,400,0.25,4,1.0,0.01,11,1000,763677.494237563,7636.7749423756295,0.995,1873.210229580117
100,400,0.25,4,1.0,0.01,12,1000,761346.826211654,7613.46826211654,1.0,1859.8861534525295
100,400,0.25,4,1.0,0.01,13,1000,770514.146550329,7705.14146550329,0.875,1794.551667630476
100,400,0.25,4,1.0,0.01,14,1000,807610.6065232379,8076.106065232379,0.996,1791.8455142502614
100,400,0.25,4,1.0,0.01,15,1000,775298.2505211242,7752.982505211242,0.973,1865.2042787843197
100,400,0.25,4,1.0,0.01,16,1000,740759.1278141112,7407.591278141112,1.0,1996.7120398260681
100,400,0.25,4,1.0,0.01,17,1000,792124.7070336968,7921.247070336968,0.995,2043.1499462274737
100,400,0.25,4,1.0,0.01,18,1000,749972.2766265796,7499.722766265796,0.836,2064.245439939927
100,400,0.25,4,1.0,0.01,19,1000,751013.2701808895,7510.132701808895,0.938,1871.067382899339
100,400,0.25,4,1.0,0.01,20,1000,770596.6830432225,7705.966830432225,1.0,2112.6612873588497
100,400,0.25,4,1.0,0.01,21,1000,769342.4387004226,7693.424387004226,0.994,1872.799383217428
100,400,0.25,4,1.0,0.01,22,1000,767413.1970503404,7674.131970503404,0.922,1975.3314311493423
100,400,0.25,4,1.0,0.01,23,1000,771603.8920243845,7716.038920243845,0.833,1882.3988403250096
100,400,0.25,4,1.0,0.01,24,1000,771241.4407401988,7712.414407401989,0.818,2056.367387874015
100,400,0.25,4,1.0,0.01,25,1000,759733.7222856272,7597.337222856271,0.899,2121.973388994373
100,400,0.25,4,1.0,0.01,26,1000,782957.5382838337,7829.575382838337,0.781,2000.6593339357225
100,400,0.25,4,1.0,0.01,27,1000,744203.1491576415,7442.031491576415,1.0,2002.1192292723467
100,400,0.25,4,1.0,0.01,28,1000,774873.7398212363,7748.737398212364,0.788,1777.4323815596094
100,400,0.25,4,1.0,0.01,29,1000,771206.304209055,7712.06304209055,0.943,2000.730422318925
100,400,0.25,4,1.0,0.01,30,1000,751923.9958184545,7519.239958184546,0.997,2240.9504590800407
100,400,0.25,4,1.0,0.01,31,1000,786744.72379142,7867.4472379142,1.0,1793.375751377662
100,400,0.25,4,1.0,0.01,32,1000,780116.8772683583,7801.168772683583,0.997,1790.4232839428241
100,400,0.25,4,1.0,0.01,33,1000,764186.3892255377,7641.863892255376,0.904,1754.6791263063112
100,400,0.25,4,1.0,0.01,34,1000,756841.1156532809,7568.4111565328085,0.951,2033.6177045044797
100,400,0.25,4,1.0,0.01,35,1000,775296.5281591386,7752.965281591386,0.96,1813.0156803770235
100,400,0.25,4,1.0,0.01,36,1000,759992.4209404499,7599.924209404499,0.961,2045.838538306887
100,400,0.25,4,1.0,0.01,37,1000,756515.1090338397,7565.151090338397,1.0,2122.3089221462906
100,400,0.25,4,1.0,0.01,38,1000,769150.6634080604,7691.506634080604,0.989,1897.376063323389
100,400,0.25,4,1.0,0.01,39,1000,810758.528291732,8107.58528291732,1.0,1943.8376254084437
100,400,0.25,4,1.0,0.01,40,1000,736304.2967054904,7363.042967054905,0.994,1915.2548873488595
100,400,0.25,4,1.0,0.01,41,1000,773413.0822201251,7734.130822201251,0.898,1994.0656682028682
100,400,0.25,4,1.0,0.01,42,1000,780793.581761244,7807.93581761244,0.99,1845.2345097766013
100,400,0.25,4,1.0,0.01,43,1000,755601.2192841718,7556.012192841718,0.998,1984.4100497547824
100,400,0.25,4,1.0,0.01,44,1000,785411.00738279,7854.1100738279,0.891,1800.0202267227737
100,400,0.25,4,1.0,0.01,45,1000,754225.60137829,7542.2560137829,0.993,1989.9882229331297
100,400,0.25,4,1.0,0.01,46,1000,769714.8460212855,7697.148460212855,0.932,2072.326476074982
100,400,0.25,4,1.0,0.01,47,1000,772235.722711595,7722.35722711595,0.81,1935.3299355745473
100,400,0.25,4,1.0,0.01,48,1000,764701.3444124162,7647.013444124163,1.0,1882.9014744743731
100,400,0.25,4,1.0,0.01,49,1000,752518.4809039747,7525.184809039747,0.862,1799.5918627332544
100,400,0.25,4,1.0,0.02,0,1000,887799.4500834562,8877.994500834562,0.982,1440.9306089782547
100,400,0.25,4,1.0,0.02,1,1000,868644.880424347,8686.44880424347,0.804,1545.397926111644
100,400,0.25,4,1.0,0.02,2,1000,894397.7938017384,8943.977938017384,0.788,1280.4159543150565
100,400,0.25,4,1.0,0.02,3,1000,869018.5755379912,8690.185755379913,0.828,1449.933224219465
100,400,0.25,4,1.0,0.02,4,1000,873828.7503299296,8738.287503299296,0.801,1318.1699991893188
100,400,0.25,4,1.0,0.02,5,1000,870153.4992543581,8701.53499254358,0.65,1482.6631267278624
100,400,0.25,4,1.0,0.02,6,1000,876784.0736494488,8767.840736494489,0.737,1563.356391969862
100,400,0.25,4,1.0,0.02,7,1000,878241.1136938712,8782.411136938712,0.793,1448.0235122319098
100,400,0.25,4,1.0,0.02,8,1000,890460.4274485076,8904.604274485077,0.721,1593.4490753815774
100,400,0.25,4,1.0,0.02,9,1000,864570.6660550382,8645.706660550382,0.771,1505.2201319360229
100,400,0.25,4,1.0,0.02,10,1000,885285.8029261625,8852.858029261624,0.632,1332.8745094038973
100,400,0.25,4,1.0,0.02,11,1000,865940.9583378165,8659.409583378165,0.726,1467.932192469766
100,400,0.25,4,1.0,0.02,12,1000,870687.1261399018,8706.871261399017,0.821,1447.0258203560663
100,400,0.25,4,1.0,0.02,13,1000,858950.2558393303,8589.502558393302,0.676,1325.96288927493
100,400,0.25,4,1.0,0.02,14,1000,883588.2301412255,8835.882301412255,0.615,1433.3592011368976
100,400,0.25,4,1.0,0.02,15,1000,866052.4637933599,8660.524637933599,0.675,1445.8569786233347
100,400,0.25,4,1.0,0.02,16,1000,867630.5037934426,8676.305037934426,0.783,1495.3430749352842
100,400,0.25,4,1.0,0.02,17,1000,876489.4201968071,8764.89420196807,0.58,1445.4319267759574
100,400,0.25,4,1.0,0.02,18,1000,868669.6175398119,8686.69617539812,0.738,1438.6704177995616
100,400,0.25,4,1.0,0.02,19,1000,862674.3003408317,8626.743003408317,0.821,1395.5076075875215
100,400,0.25,4,1.0,0.02,20,1000,886185.5657439661,8861.85565743966,0.668,1409.4285749794583
100,400,0.25,4,1.0,0.02,21,1000,867127.4607005129,8671.274607005129,0.928,1468.5167663720822
100,400,0.25,4,1.0,0.02,22,1000,856719.2185515255,8567.192185515254,0.677,1405.574910136723
100,400,0.25,4,1.0,0.02,23,1000,893070.5846496156,8930.705846496156,0.611,1401.2775172896795
100,400,0.25,4,1.0,0.02,24,1000,881334.048618684,8813.34048618684,0.707,1329.858061733772
100,400,0.25,4,1.0,0.02,25,1000,900887.3343823474,9008.873343823474,0.787,1306.1239773639163
100,400,0.25,4,1.0,0.02,26,1000,872239.8348904975,8722.398348904975,0.899,1578.0166645488177
100,400,0.25,4,1.0,0.02,27,1000,852538.5151874606,8525.385151874605,0.901,1465.1563311598586
100,400,0.25,4,1.0,0.02,28,1000,874953.4873440202,8749.534873440201,0.695,1378.7503905979345
100,400,0.25,4,1.0,0.02,29,1000,864749.8538750411,8647.498538750411,0.866,1462.5879578646766
100,400,0.25,4,1.0,0.02,30,1000,885939.3836173215,8859.393836173214,0.611,1238.1010866882077
100,400,0.25,4,1.0,0.02,31,1000,877446.216822863,8774.46216822863,0.661,1538.1424507110694
100,400,0.25,4,1.0,0.02,32,1000,886314.925718717,8863.149257187171,0.728,1386.959115065778
100,400,0.25,4,1.0,0.02,33,1000,864810.0973193455,8648.100973193454,0.863,1606.7093277790846
100,400,0.25,4,1.0,0.02,34,1000,864494.4344007839,8644.94434400784,0.688,1536.118205330977
100,400,0.25,4,1.0,0.02,35,1000,869488.1255732456,8694.881255732456,0.732,1531.7338329324473
100,400,0.25,4,1.0,0.02,36,1000,863672.5246516444,8636.725246516444,0.661,1490.6474689527047
100,400,0.25,4,1.0,0.02,37,1000,873177.611593956,8731.77611593956,0.635,1446.6567588395892
100,400,0.25,4,1.0,0.02,38,1000,878581.7760315455,8785.817760315455,0.58,1451.6819172507535
100,400,0.25,4,1.0,0.02,39,1000,882384.1102439559,8823.84110243956,0.748,1474.8988807110734
100,400,0.25,4,1.0,0.02,40,1000,868137.6977975892,8681.376977975893,0.869,1351.85524719339
100,400,0.25,4,1.0,0.02,41,1000,879831.9399261973,8798.319399261973,0.925,1462.635111452217
100,400,0.25,4,1.0,0.02,42,1000,879660.3592944407,8796.603592944408,0.752,1403.1958664632023
100,400,0.25,4,1.0,0.02,43,1000,863766.4505712006,8637.664505712006,0.765,1503.8484635759792
100,400,0.25,4,1.0,0.02,44,1000,881412.142046331,8814.121420463309,0.959,1331.379749272617
100,400,0.25,4,1.0,0.02,45,1000,880270.1910409715,8802.701910409716,0.577,1468.6389776054762
100,400,0.25,4,1.0,0.02,46,1000,875290.0495555277,8752.900495555277,0.592,1498.4027872504118
100,400,0.25,4,1.0,0.02,47,1000,871906.2546429392,8719.062546429392,0.633,1459.963355542744
100,400,0.25,4,1.0,0.02,48,1000,862647.1587401783,8626.471587401784,0.633,1505.3194531620857
100,400,0.25,4,1.0,0.02,49,1000,875332.1396764396,8753.321396764395,0.698,1374.013459468418
100,400,0.25,4,1.0,0.03,0,1000,928218.0796899913,9282.180796899913,0.68,1207.3528428833101
100,400,0.25,4,1.0,0.03,1,1000,911217.0302850654,9112.170302850654,0.774,1235.72615745889
100,400,0.25,4,1.0,0.03,2,1000,927370.9857702581,9273.70985770258,0.724,1087.783264111914
100,400,0.25,4,1.0,0.03,3,1000,914855.4999260552,9148.554999260552,0.757,1231.575175845243
100,400,0.25,4,1.0,0.03,4,1000,912534.6326664746,9125.346326664745,0.657,1221.207621934713
100,400,0.25,4,1.0,0.03,5,1000,915865.7054073586,9158.657054073587,0.831,1339.2464376274258
100,400,0.25,4,1.0,0.03,6,1000,909555.8123416181,9095.558123416182,0.658,1263.0985220576388
100,400,0.25,4,1.0,0.03,7,1000,909305.6441913609,9093.05644191361,0.648,1263.96242129571
100,400,0.25,4,1.0,0.03,8,1000,923973.5005729962,9239.735005729963,0.68,1249.3056288361336
100,400,0.25,4,1.0,0.03,9,1000,916929.8430654677,9169.298430654677,0.706,1209.4958194329065
100,400,0.25,4,1.0,0.03,10,1000,917386.6435793925,9173.866435793925,0.78,1185.730637030817
100,400,0.25,4,1.0,0.03,11,1000,907874.5410045777,9078.745410045776,0.698,1241.4782713547172
100,400,0.25,4,1.0,0.03,12,1000,914188.2094017084,9141.882094017084,0.642,1193.6780732934099
100,400,0.25,4,1.0,0.03,13,1000,913725.0087769794,9137.250087769795,0.661,1268.1388354764656
100,400,0.25,4,1.0,0.03,14,1000,913187.1725878628,9131.871725878627,0.681,1261.4997103757698
100,400,0.25,4,1.0,0.03,15,1000,904458.2719756397,9044.582719756398,0.728,1376.544110165274
100,400,0.25,4,1.0,0.03,16,1000,906389.0286659828,9063.890286659827,0.713,1273.2457611458383
100,400,0.25,4,1.0,0.03,17,1000,922179.2908773423,9221.792908773423,0.643,1282.4061985317892
100,400,0.25,4,1.0,0.03,18,1000,903407.8489308455,9034.078489308455,0.786,1316.3597558438867
100,400,0.25,4,1.0,0.03,19,1000,898049.0891942912,8980.49089194291,0.795,1234.8464928204346
100,400,0.25,4,1.0,0.03,20,1000,909411.561238662,9094.11561238662,0.723,1277.1144642063712
100,400,0.25,4,1.0,0.03,21,1000,910241.3476048694,9102.413476048694,0.744,1258.0169237195128
100,400,0.25,4,1.0,0.03,22,1000,905261.3064855516,9052.613064855517,0.727,1271.8950714528107
100,400,0.25,4,1.0,0.03,23,1000,924926.0764970382,9249.260764970382,0.723,1242.2669962404282
100,400,0.25,4,1.0,0.03,24,1000,919307.5118720509,9193.07511872051,0.667,1244.281994220474
100,400,0.25,4,1.0,0.03,25,1000,913614.2944642493,9136.142944642494,0.707,1332.0146178834202
100,400,0.25,4,1.0,0.03,26,1000,903481.7246021957,9034.817246021958,0.701,1209.4158445530093
100,400,0.25,4,1.0,0.03,27,1000,911957.5400827408,9119.575400827409,0.696,1278.5692691314607
100,400,0.25,4,1.0,0.03,28,1000,899933.1916238497,8999.331916238496,0.856,1266.580560477062
100,400,0.25,4,1.0,0.03,29,1000,908336.8227501687,9083.368227501687,0.668,1363.7297813836467
100,400,0.25,4,1.0,0.03,30,1000,918649.3803172964,9186.493803172963,0.689,1213.4551143228034
100,400,0.25,4,1.0,0.03,31,1000,915574.7804891441,9155.747804891442,0.759,1182.8903239661138
100,400,0.25,4,1.0,0.03,32,1000,922360.1322884696,9223.601322884695,0.712,1203.4634532257141
100,400,0.25,4,1.0,0.03,33,1000,914102.1731653017,9141.021731653016,0.693,1260.5799719584331
100,400,0.25,4,1.0,0.03,34,1000,920278.7938319783,9202.787938319783,0.694,1146.0686004742022
100,400,0.25,4,1.0,0.03,35,1000,916063.040195297,9160.63040195297,0.78,1254.2850707455714
100,400,0.25,4,1.0,0.03,36,1000,929721.262743334,9297.21262743334,0.714,1272.582409670351
100,400,0.25,4,1.0,0.03,37,1000,905570.3858791024,9055.703858791025,0.778,1186.961517744522
100,400,0.25,4,1.0,0.03,38,1000,918095.37479337,9180.9537479337,0.65,1207.7135865890452
100,400,0.25,4,1.0,0.03,39,1000,913948.927712291,9139.48927712291,0.762,1262.0123614357792
100,400,0.25,4,1.0,0.03,40,1000,920845.6455266286,9208.456455266285,0.712,1327.7110059056854
100,400,0.25,4,1.0,0.03,41,1000,909253.3251695083,9092.533251695084,0.679,1232.9100710400494
100,400,0.25,4,1.0,0.03,42,1000,904222.5998028561,9042.225998028562,0.784,1213.9872986307964
100,400,0.25,4,1.0,0.03,43,1000,915773.8320566906,9157.738320566907,0.663,1345.017815428367
100,400,0.25,4,1.0,0.03,44,1000,911687.4436505124,9116.874436505124,0.908,1277.8109165621133
100,400,0.25,4,1.0,0.03,45,1000,920580.2154874608,9205.80215487461,0.616,1270.9298572361204
100,400,0.25,4,1.0,0.03,46,1000,906954.180920274,9069.54180920274,0.797,1255.9655765140308
100,400,0.25,4,1.0,0.03,47,1000,917657.7571395659,9176.57757139566,0.769,1229.8141383918107
100,400,0.25,4,1.0,0.03,48,1000,907582.1182775889,9075.821182775888,0.804,1241.465649913702
100,400,0.25,4,1.0,0.03,49,1000,910227.891518955,9102.27891518955,0.679,1292.3671207403097
100,400,0.25,4,1.0,0.04,0,1000,943753.9985859832,9437.539985859832,0.779,1144.8518303141582
100,400,0.25,4,1.0,0.04,1,1000,933807.4935767493,9338.074935767494,0.765,1169.3459207892822
100,400,0.25,4,1.0,0.04,2,1000,931545.0393588688,9315.450393588688,0.742,1128.6331481404243
100,400,0.25,4,1.0,0.04,3,1000,938778.087474498,9387.78087474498,0.795,1192.438476048355
100,400,0.25,4,1.0,0.04,4,1000,929383.8035657296,9293.838035657296,0.722,1092.9850208725404
100,400,0.25,4,1.0,0.04,5,1000,927941.6506466828,9279.416506466829,0.835,1178.8949847710667
100,400,0.25,4,1.0,0.04,6,1000,931044.2728096698,9310.4427280967,0.754,1117.8493790563696
100,400,0.25,4,1.0,0.04,7,1000,933581.1197667286,9335.811197667286,0.758,1099.8454023798051
100,400,0.25,4,1.0,0.04,8,1000,938165.6906050871,9381.65690605087,0.725,1172.8937683717897
100,400,0.25,4,1.0,0.04,9,1000,937141.8172774796,9371.418172774796,0.748,1152.734618780213
100,400,0.25,4,1.0,0.04,10,1000,929904.6706472395,9299.046706472396,0.787,1152.413367789786
100,400,0.25,4,1.0,0.04,11,1000,922409.7048879265,9224.097048879265,0.736,1132.1444400417595
100,400,0.25,4,1.0,0.04,12,1000,945036.7022634764,9450.367022634764,0.708,1023.6871112368837
100,400,0.25,4,1.0,0.04,13,1000,928368.3835967667,9283.683835967668,0.782,1180.1961654766094
100,400,0.25,4,1.0,0.04,14,1000,937438.5243229597,9374.385243229597,0.74,1129.123137444881
100,400,0.25,4,1.0,0.04,15,1000,933186.0829998318,9331.860829998317,0.724,1039.682465647925
100,400,0.25,4,1.0,0.04,16,1000,936292.7467864561,9362.927467864562,0.781,1146.4013080510629
100,400,0.25,4,1.0,0.04,17,1000,927937.170998797,9279.37170998797,0.799,1152.7147858459145
100,400,0.25,4,1.0,0.04,18,1000,933754.1014242417,9337.541014242417,0.714,1072.9510977369164
100,400,0.25,4,1.0,0.04,19,1000,929032.0179224167,9290.320179224167,0.753,1018.7658529101817
100,400,0.25,4,1.0,0.04,20,1000,930040.573539406,9300.405735394059,0.815,1186.1419537567563
100,400,0.25,4,1.0,0.04,21,1000,929142.1843239195,9291.421843239195,0.73,1221.8229606893246
100,400,0.25,4,1.0,0.04,22,1000,925106.509379916,9251.06509379916,0.742,1172.849371852824
100,400,0.25,4,1.0,0.04,23,1000,935412.7647838392,9354.127647838392,0.78,1169.7701916860606
100,400,0.25,4,1.0,0.04,24,1000,940554.4458273776,9405.544458273776,0.712,1046.984892422478
100,400,0.25,4,1.0,0.04,25,1000,942694.3700206449,9426.943700206448,0.742,1066.6004017128903
100,400,0.25,4,1.0,0.04,26,1000,925646.8036182664,9256.468036182663,0.738,1223.5896292872953
100,400,0.25,4,1.0,0.04,27,1000,931857.2285760748,9318.572285760749,0.737,1125.0659935839467
100,400,0.25,4,1.0,0.04,28,1000,932197.0934076343,9321.970934076344,0.714,1062.530557901172
100,400,0.25,4,1.0,0.04,29,1000,933104.6599484397,9331.046599484396,0.769,1080.2652449027767
100,400,0.25,4,1.0,0.04,30,1000,934497.0128303175,9344.970128303175,0.782,1175.7818392266333
100,400,0.25,4,1.0,0.04,31,1000,937193.2185917441,9371.932185917442,0.66,1091.6867671295793
100,400,0.25,4,1.0,0.04,32,1000,932568.3534218074,9325.683534218075,0.873,1026.394305352736
100,400,0.25,4,1.0,0.04,33,1000,935314.6164484259,9353.146164484258,0.716,1233.9172959917832
100,400,0.25,4,1.0,0.04,34,1000,928103.0458350289,9281.03045835029,0.766,1162.7971933177907
100,400,0.25,4,1.0,0.04,35,1000,938657.0026349607,9386.570026349607,0.752,1131.593442976885
100,400,0.25,4,1.0,0.04,36,1000,938777.4443675849,9387.77444367585,0.783,1146.1954478478053
100,400,0.25,4,1.0,0.04,37,1000,920934.0315578976,9209.340315578977,0.764,1116.827985314477
100,400,0.25,4,1.0,0.04,38,1000,934824.605326873,9348.246053268731,0.778,1164.3393606942816
100,400,0.25,4,1.0,0.04,39,1000,931733.0869066187,9317.330869066187,0.733,1138.2570009169676
100,400,0.25,4,1.0,0.04,40,1000,930295.8468718466,9302.958468718465,0.715,1222.4566461707684
100,400,0.25,4,1.0,0.04,41,1000,924968.4321645477,9249.684321645478,0.743,1093.6814841763892
100,400,0.25,4,1.0,0.04,42,1000,931785.7309514512,9317.857309514513,0.736,1112.264589381287
100,400,0.25,4,1.0,0.04,43,1000,938053.979164853,9380.53979164853,0.694,1077.3725901319478
100,400,0.25,4,1.0,0.04,44,1000,925585.1447482952,9255.851447482952,0.689,1226.6706588408442
100,400,0.25,4,1.0,0.04,45,1000,932508.1383433146,9325.081383433146,0.742,1229.6333661266526
100,400,0.25,4,1.0,0.04,46,1000,930143.8073703521,9301.43807370352,0.744,1195.8253361647867
100,400,0.25,4,1.0,0.04,47,1000,929393.7799087069,9293.937799087069,0.845,1101.7026959299883
100,400,0.25,4,1.0,0.04,48,1000,926144.7985379401,9261.447985379402,0.739,1190.1413120965146
100,400,0.25,4,1.0,0.04,49,1000,927963.4413435243,9279.634413435242,0.73,1197.7016539071974
100,400,0.25,4,1.0,0.05,0,1000,945300.6520615452,9453.006520615452,0.786,1099.799027159481
100,400,0.25,4,1.0,0.05,1,1000,942617.7415156432,9426.177415156431,0.801,1067.4548961036915
100,400,0.25,4,1.0,0.05,2,1000,943434.4059376441,9434.34405937644,0.795,1054.592836225619
100,400,0.25,4,1.0,0.05,3,1000,937053.3533268456,9370.533533268455,0.797,1042.644972462207
100,400,0.25,4,1.0,0.05,4,1000,928549.3503766371,9285.49350376637,0.823,1105.1785301908105
100,400,0.25,4,1.0,0.05,5,1000,940136.1825806202,9401.361825806202,0.787,1099.3129083607294
100,400,0.25,4,1.0,0.05,6,1000,943231.4183232795,9432.314183232795,0.754,1040.1123336581275
100,400,0.25,4,1.0,0.05,7,1000,944199.2704018097,9441.992704018097,0.767,1083.5696240774846
100,400,0.25,4,1.0,0.05,8,1000,939581.8571731267,9395.818571731266,0.79,1119.6428971266057
100,400,0.25,4,1.0,0.05,9,1000,948771.3725226686,9487.713725226686,0.839,1078.1447846979704
100,400,0.25,4,1.0,0.05,10,1000,941119.8830792921,9411.19883079292,0.795,1124.0563834299105
100,400,0.25,4,1.0,0.05,11,1000,937807.966564946,9378.07966564946,0.779,1077.7982390225009
100,400,0.25,4,1.0,0.05,12,1000,934061.5310873099,9340.6153108731,0.773,1086.3253897446061
100,400,0.25,4,1.0,0.05,13,1000,935391.5145266579,9353.91514526658,0.782,1149.3379480981464
100,400,0.25,4,1.0,0.05,14,1000,943072.810223718,9430.72810223718,0.828,1073.7170380499463
100,400,0.25,4,1.0,0.05,15,1000,941799.6628940182,9417.996628940182,0.757,1130.1748181638532
100,400,0.25,4,1.0,0.05,16,1000,939904.8083785619,9399.04808378562,0.774,1133.0203925339017
100,400,0.25,4,1.0,0.05,17,1000,938090.0357127138,9380.900357127139,0.797,1042.283262646507
100,400,0.25,4,1.0,0.05,18,1000,941338.4994114694,9413.384994114695,0.804,1012.4180872742762
100,400,0.25,4,1.0,0.05,19,1000,930040.3307192576,9300.403307192575,0.832,1102.0894166784453
100,400,0.25,4,1.0,0.05,20,1000,939744.7850879671,9397.447850879671,0.796,1075.503309074148
100,400,0.25,4,1.0,0.05,21,1000,939167.9220010682,9391.679220010683,0.81,1089.6658806637731
100,400,0.25,4,1.0,0.05,22,1000,942830.887922278,9428.30887922278,0.803,1027.9969387807735
100,400,0.25,4,1.0,0.05,23,1000,942308.7269760125,9423.087269760124,0.807,1116.4892122041497
100,400,0.25,4,1.0,0.05,24,1000,939977.2250605024,9399.772250605025,0.81,1099.130604201328
100,400,0.25,4,1.0,0.05,25,1000,950590.1366128768,9505.901366128768,0.797,960.4895932047403
100,400,0.25,4,1.0,0.05,26,1000,934362.1112946314,9343.621112946314,0.837,1108.5497228827933
100,400,0.25,4,1.0,0.05,27,1000,939338.6048997311,9393.38604899731,0.777,1062.110423346945
100,400,0.25,4,1.0,0.05,28,1000,942484.539688794,9424.84539688794,0.813,1059.0761025163865
100,400,0.25,4,1.0,0.05,29,1000,933338.5614839642,9333.385614839643,0.837,1085.3264508473933
100,400,0.25,4,1.0,0.05,30,1000,945844.5114986649,9458.445114986649,0.785,1053.0065337395627
100,400,0.25,4,1.0,0.05,31,1000,940244.8423828018,9402.448423828018,0.762,1062.8679477418236
100,400,0.25,4,1.0,0.05,32,1000,944175.724732578,9441.75724732578,0.777,1058.4672785758887
100,400,0.25,4,1.0,0.05,33,1000,940707.8649094659,9407.07864909466,0.807,1077.0884838139511
100,400,0.25,4,1.0,0.05,34,1000,941043.9696587808,9410.439696587808,0.822,1108.740746168921
100,400,0.25,4,1.0,0.05,35,1000,943114.0966873387,9431.140966873387,0.778,1061.2512586767407
100,400,0.25,4,1.0,0.05,36,1000,942664.1409324564,9426.641409324564,0.792,1109.812406812422
100,400,0.25,4,1.0,0.05,37,1000,939184.8224539161,9391.84822453916,0.76,1097.2803978806337
100,400,0.25,4,1.0,0.05,38,1000,941394.8175393279,9413.94817539328,0.787,987.9495917763849
100,400,0.25,4,1.0,0.05,39,1000,942755.0488004108,9427.550488004108,0.748,1039.4971142734428
100,400,0.25,4,1.0,0.05,40,1000,933759.0173833173,9337.590173833174,0.78,1092.898036178907
100,400,0.25,4,1.0,0.05,41,1000,950961.6523664107,9509.616523664106,0.748,998.0427914512545
100,400,0.25,4,1.0,0.05,42,1000,932254.4972112455,9322.544972112455,0.808,1078.4488261204626
100,400,0.25,4,1.0,0.05,43,1000,935544.1771706305,9355.441771706306,0.799,1118.4731306582762
100,400,0.25,4,1.0,0.05,44,1000,946720.6912721709,9467.20691272171,0.78,1087.934345502367
100,400,0.25,4,1.0,0.05,45,1000,944161.4729951753,9441.614729951752,0.794,1111.1170963490117
100,400,0.25,4,1.0,0.05,46,1000,940256.8150351242,9402.568150351242,0.785,1086.0634032403054
100,400,0.25,4,1.0,0.05,47,1000,941658.7904186939,9416.58790418694,0.78,1133.485870469738
100,400,0.25,4,1.0,0.05,48,1000,937295.5757188259,9372.95575718826,0.847,1062.1967889810358
100,400,0.25,4,1.0,0.05,49,1000,938040.3353444091,9380.403353444091,0.765,1099.1984859996128
100,400,0.25,4,1.0,0.06,0,1000,947070.6234831813,9470.706234831814,0.825,1019.0271292876756
100,400,0.25,4,1.0,0.06,1,1000,938962.2528669488,9389.622528669488,0.807,1034.2779176170382
100,400,0.25,4,1.0,0.06,2,1000,952540.7085858267,9525.407085858267,0.832,960.4133866027951
100,400,0.25,4,1.0,0.06,3,1000,943331.331922075,9433.31331922075,0.832,1023.7784407318194
100,400,0.25,4,1.0,0.06,4,1000,941989.9650358321,9419.899650358322,0.805,1025.165418134906
100,400,0.25,4,1.0,0.06,5,1000,947287.9979079973,9472.879979079973,0.83,1044.2794459782879
100,400,0.25,4,1.0,0.06,6,1000,944753.1425357542,9447.531425357542,0.83,971.2639834103321
100,400,0.25,4,1.0,0.06,7,1000,943308.4566296769,9433.08456629677,0.807,996.0710333207294
100,400,0.25,4,1.0,0.06,8,1000,941219.7462753936,9412.197462753937,0.813,1054.252018928618
100,400,0.25,4,1.0,0.06,9,1000,946896.5210179162,9468.965210179162,0.832,975.3140836170164
100,400,0.25,4,1.0,0.06,10,1000,940815.0053998928,9408.150053998928,0.809,1054.1225017111522
100,400,0.25,4,1.0,0.06,11,1000,943100.2418514347,9431.002418514347,0.828,1009.684641138773
100,400,0.25,4,1.0,0.06,12,1000,941390.4740365557,9413.904740365557,0.832,1067.3476246744426
100,400,0.25,4,1.0,0.06,13,1000,946254.8018070533,9462.548018070533,0.823,895.4744466378997
100,400,0.25,4,1.0,0.06,14,1000,944732.0312961343,9447.320312961343,0.832,1066.4151571559107
100,400,0.25,4,1.0,0.06,15,1000,936591.3439027052,9365.913439027052,0.811,1103.2622204525014
100,400,0.25,4,1.0,0.06,16,1000,943558.4539105106,9435.584539105106,0.815,1035.8524098111827
100,400,0.25,4,1.0,0.06,17,1000,945081.7620345372,9450.817620345371,0.846,1002.9840729399191
100,400,0.25,4,1.0,0.06,18,1000,944052.3727170463,9440.523727170463,0.829,1062.2793502296936
100,400,0.25,4,1.0,0.06,19,1000,941633.9630900332,9416.339630900331,0.854,1032.4620974706197
100,400,0.25,4,1.0,0.06,20,1000,951237.2268538714,9512.372268538713,0.827,1011.9689666415902
100,400,0.25,4,1.0,0.06,21,1000,941850.2518638301,9418.5025186383,0.844,991.4998609616237
100,400,0.25,4,1.0,0.06,22,1000,945352.8395866288,9453.528395866288,0.805,1019.5377667976412
100,400,0.25,4,1.0,0.06,23,1000,946309.869057105,9463.09869057105,0.816,964.3889799926703
100,400,0.25,4,1.0,0.06,24,1000,943611.2733445753,9436.112733445752,0.807,1024.0146749656813
100,400,0.25,4,1.0,0.06,25,1000,952034.3664266808,9520.343664266808,0.815,1036.948122802403
100,400,0.25,4,1.0,0.06,26,1000,949331.3705009207,9493.313705009206,0.821,970.4161930271379
100,400,0.25,4,1.0,0.06,27,1000,941766.1584197072,9417.661584197072,0.824,1000.4983028054509
100,400,0.25,4,1.0,0.06,28,1000,951535.9081782777,9515.359081782777,0.825,945.9229065380583
100,400,0.25,4,1.0,0.06,29,1000,943236.0478572877,9432.360478572877,0.855,1023.0103476267682
100,400,0.25,4,1.0,0.06,30,1000,943358.2942327858,9433.582942327857,0.823,1049.7623331617388
100,400,0.25,4,1.0,0.06,31,1000,954232.6305652619,9542.32630565262,0.805,1006.2910644957378
100,400,0.25,4,1.0,0.06,32,1000,945219.8674510138,9452.198674510139,0.84,1055.750418200088
100,400,0.25,4,1.0,0.06,33,1000,946988.8946284803,9469.888946284804,0.83,998.1828502642875
100,400,0.25,4,1.0,0.06,34,1000,943220.9149097189,9432.209149097189,0.862,967.6986580829409
100,400,0.25,4,1.0,0.06,35,1000,944683.6511992285,9446.836511992286,0.878,1048.5404122776772
100,400,0.25,4,1.0,0.06,36,1000,947736.9770079724,9477.369770079724,0.829,1023.2597849978515
100,400,0.25,4,1.0,0.06,37,1000,939804.0381626693,9398.040381626693,0.838,1020.9589367424929
100,400,0.25,4,1.0,0.06,38,1000,940019.5670717304,9400.195670717303,0.822,1050.4742499081742
100,400,0.25,4,1.0,0.06,39,1000,945085.066991424,9450.85066991424,0.852,1002.4390486807998
100,400,0.25,4,1.0,0.06,40,1000,946546.7962764881,9465.46796276488,0.788,1041.4125067105472
100,400,0.25,4,1.0,0.06,41,1000,949637.7240511025,9496.377240511025,0.828,1002.48645148448
100,400,0.25,4,1.0,0.06,42,1000,947119.7138134479,9471.19713813448,0.834,962.4241052513707
100,400,0.25,4,1.0,0.06,43,1000,939721.5435980991,9397.215435980992,0.858,1002.7582611880068
100,400,0.25,4,1.0,0.06,44,1000,950725.5950895613,9507.255950895613,0.801,952.2732759579178
100,400,0.25,4,1.0,0.06,45,1000,948103.7765754597,9481.037765754598,0.776,973.3673661424807
100,400,0.25,4,1.0,0.06,46,1000,937630.5750436189,9376.30575043619,0.815,1048.5044531424915
100,400,0.25,4,1.0,0.06,47,1000,944215.2237685076,9442.152237685075,0.838,1042.858514063354
100,400,0.25,4,1.0,0.06,48,1000,946486.8519778698,9464.868519778698,0.843,1001.7067545673322
100,400,0.25,4,1.0,0.06,49,1000,944656.1135191682,9446.561135191681,0.822,1013.624057309927
100,400,0.25,4,1.0,0.07,0,1000,942789.0556073929,9427.89055607393,0.852,1016.6021792411608
100,400,0.25,4,1.0,0.07,1,1000,947208.0438177014,9472.080438177014,0.857,994.533905250698
100,400,0.25,4,1.0,0.07,2,1000,944964.4868302095,9449.644868302095,0.854,989.5588985925838
100,400,0.25,4,1.0,0.07,3,1000,943726.3548719614,9437.263548719615,0.863,1008.3475423526327
100,400,0.25,4,1.0,0.07,4,1000,940899.1419174874,9408.991419174874,0.866,920.9194021241753
100,400,0.25,4,1.0,0.07,5,1000,948535.1062360284,9485.351062360283,0.851,991.3358913830386
100,400,0.25,4,1.0,0.07,6,1000,948174.2703751944,9481.742703751945,0.856,949.2949584286188
100,400,0.25,4,1.0,0.07,7,1000,946815.4377213761,9468.154377213761,0.863,927.2693995426507
100,400,0.25,4,1.0,0.07,8,1000,941979.4970510708,9419.794970510708,0.868,972.8552595836206
100,400,0.25,4,1.0,0.07,9,1000,946713.8715086199,9467.1387150862,0.868,1025.849496197537
100,400,0.25,4,1.0,0.07,10,1000,947130.537387637,9471.30537387637,0.857,972.3543764771889
100,400,0.25,4,1.0,0.07,11,1000,943799.8563888596,9437.998563888596,0.864,1020.3615390926382
100,400,0.25,4,1.0,0.07,12,1000,947746.1148497855,9477.461148497854,0.843,996.1566575348517
100,400,0.25,4,1.0,0.07,13,1000,944567.8807288175,9445.678807288175,0.841,956.7357515643902
100,400,0.25,4,1.0,0.07,14,1000,953177.4197190324,9531.774197190323,0.847,923.8492683582547
100,400,0.25,4,1.0,0.07,15,1000,942545.2358867778,9425.452358867777,0.895,952.2850965105407
100,400,0.25,4,1.0,0.07,16,1000,940494.7116020037,9404.947116020037,0.861,928.1056345119705
100,400,0.25,4,1.0,0.07,17,1000,946123.4799782552,9461.234799782553,0.858,1021.6023329045715
100,400,0.25,4,1.0,0.07,18,1000,941917.7887281771,9419.17788728177,0.873,1002.0679098419217
100,400,0.25,4,1.0,0.07,19,1000,943411.9646311955,9434.119646311956,0.873,970.784834821531
100,400,0.25,4,1.0,0.07,20,1000,953242.0827504151,9532.420827504151,0.856,905.8546195603722
100,400,0.25,4,1.0,0.07,21,1000,948168.1354073887,9481.681354073888,0.861,968.2254215480478
100,400,0.25,4,1.0,0.07,22,1000,942354.1033287318,9423.541033287318,0.847,1000.1893894016982
100,400,0.25,4,1.0,0.07,23,1000,944905.3547967959,9449.053547967958,0.864,917.7776323215469
100,400,0.25,4,1.0,0.07,24,1000,941607.0575017016,9416.070575017016,0.842,1029.0186899961482
100,400,0.25,4,1.0,0.07,25,1000,949683.1119505707,9496.831119505707,0.878,878.3911316560133
100,400,0.25,4,1.0,0.07,26,1000,947563.297258534,9475.63297258534,0.873,963.7067717967672
100,400,0.25,4,1.0,0.07,27,1000,949736.2839493905,9497.362839493906,0.846,882.3047459266069
100,400,0.25,4,1.0,0.07,28,1000,946358.3230460342,9463.583230460343,0.85,976.5245091607887
100,400,0.25,4,1.0,0.07,29,1000,948688.345741896,9486.88345741896,0.875,952.2706834892298
100,400,0.25,4,1.0,0.07,30,1000,947227.1278288533,9472.271278288534,0.841,969.9183050165011
100,400,0.25,4,1.0,0.07,31,1000,949975.5705948495,9499.755705948495,0.847,953.7007424187597
100,400,0.25,4,1.0,0.07,32,1000,943729.3612197941,9437.293612197942,0.867,997.3602795715467
100,400,0.25,4,1.0,0.07,33,1000,947591.917001816,9475.91917001816,0.884,977.0428138037362
100,400,0.25,4,1.0,0.07,34,1000,950088.9875419419,9500.88987541942,0.859,959.7679665562603
100,400,0.25,4,1.0,0.07,35,1000,944121.7134351408,9441.217134351407,0.86,942.2965217323981
100,400,0.25,4,1.0,0.07,36,1000,944528.1817755713,9445.281817755713,0.889,950.2523495993548
100,400,0.25,4,1.0,0.07,37,1000,940877.0266622109,9408.770266622108,0.862,973.3355422970229
100,400,0.25,4,1.0,0.07,38,1000,949122.810764163,9491.228107641631,0.846,956.7644914979417
100,400,0.25,4,1.0,0.07,39,1000,945230.3653558854,9452.303653558854,0.854,1043.0521302720426
100,400,0.25,4,1.0,0.07,40,1000,942535.4437132481,9425.35443713248,0.866,988.4104635504588
100,400,0.25,4,1.0,0.07,41,1000,945754.7196788522,9457.547196788522,0.877,940.4909190318825
100,400,0.25,4,1.0,0.07,42,1000,945274.2860409237,9452.742860409237,0.862,1041.0797272490718
100,400,0.25,4,1.0,0.07,43,1000,941328.8282298009,9413.28828229801,0.84,999.1537351945718
100,400,0.25,4,1.0,0.07,44,1000,949178.0642499984,9491.780642499984,0.855,958.4361776679134
100,400,0.25,4,1.0,0.07,45,1000,946690.1939662663,9466.901939662663,0.853,979.3054101188061
100,400,0.25,4,1.0,0.07,46,1000,940326.7862561418,9403.267862561419,0.861,1012.2065620777911
100,400,0.25,4,1.0,0.07,47,1000,948146.2269338688,9481.462269338688,0.885,954.5976162602984
100,400,0.25,4,1.0,0.07,48,1000,947889.0768536011,9478.890768536012,0.862,990.4758851180228
100,400,0.25,4,1.0,0.07,49,1000,948250.1539802338,9482.501539802339,0.836,934.7441837563757
100,400,0.25,4,1.0,0.08,0,1000,945270.9328175173,9452.709328175173,0.886,954.4423507003283
100,400,0.25,4,1.0,0.08,1,1000,944156.4093255482,9441.564093255482,0.885,972.273088033488
100,400,0.25,4,1.0,0.08,2,1000,950004.029382517,9500.04029382517,0.893,887.948851519991
100,400,0.25,4,1.0,0.08,3,1000,945824.1943289106,9458.241943289106,0.896,899.835057683659
100,400,0.25,4,1.0,0.08,4,1000,944385.8675727277,9443.858675727277,0.904,953.5528172893265
100,400,0.25,4,1.0,0.08,5,1000,947572.0431966839,9475.720431966838,0.897,919.8953150068892
100,400,0.25,4,1.0,0.08,6,1000,949530.2292632473,9495.302292632474,0.899,884.054533392225
100,400,0.25,4,1.0,0.08,7,1000,943567.046385578,9435.67046385578,0.898,921.5455497689896
100,400,0.25,4,1.0,0.08,8,1000,944353.9177698812,9443.539177698813,0.882,960.3888603010046
100,400,0.25,4,1.0,0.08,9,1000,945423.2386036145,9454.232386036145,0.894,932.9855066151798
100,400,0.25,4,1.0,0.08,10,1000,944561.7734188358,9445.617734188358,0.898,930.8234365795732
100,400,0.25,4,1.0,0.08,11,1000,943319.1816538174,9433.191816538174,0.898,931.083814156164
100,400,0.25,4,1.0,0.08,12,1000,943093.7123274858,9430.937123274858,0.891,978.1187393452102
100,400,0.25,4,1.0,0.08,13,1000,940066.23020791,9400.6623020791,0.889,1014.8121346033199
100,400,0.25,4,1.0,0.08,14,1000,945428.0094710273,9454.280094710273,0.865,907.2967548987376
100,400,0.25,4,1.0,0.08,15,1000,942049.9129141815,9420.499129141816,0.887,955.4937923756479
100,400,0.25,4,1.0,0.08,16,1000,945935.7055694856,9459.357055694856,0.89,927.0374659386695
100,400,0.25,4,1.0,0.08,17,1000,950779.9286122964,9507.799286122963,0.887,905.122999526183
100,400,0.25,4,1.0,0.08,18,1000,943869.8973212759,9438.698973212759,0.877,945.6120638847323
100,400,0.25,4,1.0,0.08,19,1000,943425.0275603374,9434.250275603374,0.898,933.1342210532026
100,400,0.25,4,1.0,0.08,20,1000,945111.2848418868,9451.112848418868,0.884,958.9933828332015
100,400,0.25,4,1.0,0.08,21,1000,947845.1288572503,9478.451288572503,0.884,912.6616003071135
100,400,0.25,4,1.0,0.08,22,1000,944019.926721642,9440.19926721642,0.91,901.3904879308722
100,400,0.25,4,1.0,0.08,23,1000,953185.2089517276,9531.852089517277,0.884,927.8889478558565
100,400,0.25,4,1.0,0.08,24,1000,944457.8473367047,9444.578473367048,0.879,970.7185838843342
100,400,0.25,4,1.0,0.08,25,1000,948240.925479389,9482.40925479389,0.914,934.9730825942702
100,400,0.25,4,1.0,0.08,26,1000,949203.4578059702,9492.034578059702,0.889,909.7306762365671
100,400,0.25,4,1.0,0.08,27,1000,948757.1405925127,9487.571405925126,0.9,934.0394454687998
100,400,0.25,4,1.0,0.08,28,1000,943546.3169875218,9435.463169875218,0.892,973.3653692626309
100,400,0.25,4,1.0,0.08,29,1000,949861.7328327326,9498.617328327326,0.886,944.9089929282281
100,400,0.25,4,1.0,0.08,30,1000,952930.9989538883,9529.309989538882,0.882,869.0032469430768
100,400,0.25,4,1.0,0.08,31,1000,943618.4833752093,9436.184833752093,0.894,959.6832923517856
100,400,0.25,4,1.0,0.08,32,1000,948416.7489684935,9484.167489684936,0.889,893.6687388508523
100,400,0.25,4,1.0,0.08,33,1000,948358.9014469943,9483.589014469942,0.885,898.1185349019826
100,400,0.25,4,1.0,0.08,34,1000,948676.6684222912,9486.766684222912,0.883,922.7316004348945
100,400,0.25,4,1.0,0.08,35,1000,946606.649568004,9466.06649568004,0.892,890.7503805088778
100,400,0.25,4,1.0,0.08,36,1000,943677.937311865,9436.77937311865,0.909,928.0492820235078
100,400,0.25,4,1.0,0.08,37,1000,936493.1582747791,9364.931582747791,0.882,963.5481448948381
100,400,0.25,4,1.0,0.08,38,1000,944007.7980103192,9440.077980103193,0.892,931.3880319810585
100,400,0.25,4,1.0,0.08,39,1000,945064.3647115126,9450.643647115126,0.893,959.8394656576199
100,400,0.25,4,1.0,0.08,40,1000,948078.0892909103,9480.780892909102,0.901,916.6340754926491
100,400,0.25,4,1.0,0.08,41,1000,946690.2259375372,9466.90225937537,0.899,943.4835859402875
100,400,0.25,4,1.0,0.08,42,1000,950705.5639231518,9507.055639231517,0.882,937.9398950470836
100,400,0.25,4,1.0,0.08,43,1000,944417.0308299216,9444.170308299215,0.874,950.9904413385027
100,400,0.25,4,1.0,0.08,44,1000,945069.6480007707,9450.696480007708,0.899,965.6701536350765
100,400,0.25,4,1.0,0.08,45,1000,943080.1422854391,9430.80142285439,0.915,942.9880805879933
100,400,0.25,4,1.0,0.08,46,1000,945610.2398485899,9456.102398485898,0.881,971.7981069681363
100,400,0.25,4,1.0,0.08,47,1000,943816.936558598,9438.16936558598,0.879,921.1517621360165
100,400,0.25,4,1.0,0.08,48,1000,942670.4168961517,9426.704168961518,0.922,937.5141335654279
100,400,0.25,4,1.0,0.08,49,1000,941934.9247866122,9419.349247866121,0.899,987.8559601282384
100,400,0.25,4,1.0,0.09,0,1000,944043.0019957514,9440.430019957514,0.914,931.3089162824032
100,400,0.25,4,1.0,0.09,1,1000,942338.4014144951,9423.384014144951,0.917,923.7252176793337
100,400,0.25,4,1.0,0.09,2,1000,941441.204462962,9414.41204462962,0.926,954.2431159665974
100,400,0.25,4,1.0,0.09,3,1000,943071.160053153,9430.711600531531,0.926,901.6375155941417
100,400,0.25,4,1.0,0.09,4,1000,940501.6978273416,9405.016978273416,0.908,927.7089081865133
100,400,0.25,4,1.0,0.09,5,1000,944997.6913160861,9449.976913160861,0.904,942.1636094768389
100,400,0.25,4,1.0,0.09,6,1000,941761.9086358943,9417.619086358944,0.927,968.6292153891845
100,400,0.25,4,1.0,0.09,7,1000,943797.5726983785,9437.975726983785,0.922,879.6122071004319
100,400,0.25,4,1.0,0.09,8,1000,941372.6746248034,9413.726746248034,0.911,936.9082773038273
100,400,0.25,4,1.0,0.09,9,1000,945791.5929069588,9457.915929069588,0.944,881.5008533745328
100,400,0.25,4,1.0,0.09,10,1000,939937.3985446922,9399.373985446922,0.919,969.7785432176048
100,400,0.25,4,1.0,0.09,11,1000,950845.2941149633,9508.452941149633,0.908,879.8422331346126
100,400,0.25,4,1.0,0.09,12,1000,946221.6131116742,9462.216131116742,0.905,925.7640800617476
100,400,0.25,4,1.0,0.09,13,1000,941469.3698981171,9414.693698981171,0.909,920.1098589051267
100,400,0.25,4,1.0,0.09,14,1000,943252.6289129258,9432.526289129259,0.906,924.167595629286
100,400,0.25,4,1.0,0.09,15,1000,937487.0809057376,9374.870809057376,0.939,909.2468710338605
100,400,0.25,4,1.0,0.09,16,1000,941781.9067736887,9417.819067736888,0.918,860.6866384401911
100,400,0.25,4,1.0,0.09,17,1000,942187.8391162296,9421.878391162296,0.916,886.635018891923
100,400,0.25,4,1.0,0.09,18,1000,947042.3013122485,9470.423013122485,0.918,874.1364486457579
100,400,0.25,4,1.0,0.09,19,1000,943030.6168930249,9430.306168930249,0.928,891.8420431488087
100,400,0.25,4,1.0,0.09,20,1000,945263.56972109,9452.6356972109,0.921,895.3689243709421
100,400,0.25,4,1.0,0.09,21,1000,941578.1396081292,9415.781396081291,0.913,902.6917980532837
100,400,0.25,4,1.0,0.09,22,1000,946511.5244550884,9465.115244550885,0.91,872.3339821031323
100,400,0.25,4,1.0,0.09,23,1000,942094.6564447646,9420.946564447646,0.906,916.4366536071844
100,400,0.25,4,1.0,0.09,24,1000,943364.5405873262,9433.645405873262,0.907,908.2803084901319
100,400,0.25,4,1.0,0.09,25,1000,946059.2269921608,9460.592269921608,0.904,902.4870170475056
100,400,0.25,4,1.0,0.09,26,1000,943994.4748652269,9439.94474865227,0.914,797.8450728951655
100,400,0.25,4,1.0,0.09,27,1000,944215.3187388801,9442.153187388802,0.915,894.1308742390152
100,400,0.25,4,1.0,0.09,28,1000,938857.8992031952,9388.578992031953,0.896,929.6296286261847
100,400,0.25,4,1.0,0.09,29,1000,940290.8093100605,9402.908093100605,0.909,937.2567249642499
100,400,0.25,4,1.0,0.09,30,1000,944453.2788790755,9444.532788790755,0.918,913.7755982172015
100,400,0.25,4,1.0,0.09,31,1000,942091.6264531354,9420.916264531354,0.915,928.8857467230562
100,400,0.25,4,1.0,0.09,32,1000,946606.960743601,9466.06960743601,0.912,896.5381124800737
100,400,0.25,4,1.0,0.09,33,1000,942370.4638900299,9423.704638900299,0.917,878.0126728668105
100,400,0.25,4,1.0,0.09,34,1000,942300.7898866745,9423.007898866745,0.902,920.3534841899715
100,400,0.25,4,1.0,0.09,35,1000,943465.9753828162,9434.659753828162,0.929,869.3548006062364
100,400,0.25,4,1.0,0.09,36,1000,945533.7302685713,9455.337302685713,0.921,928.837582039216
100,400,0.25,4,1.0,0.09,37,1000,939262.72070583,9392.6272070583,0.906,912.8084227939202
100,400,0.25,4,1.0,0.09,38,1000,946488.8092211224,9464.888092211224,0.901,888.4361520967147
100,400,0.25,4,1.0,0.09,39,1000,942624.539925102,9426.24539925102,0.928,923.7730773598067
100,400,0.25,4,1.0,0.09,40,1000,945385.7381116915,9453.857381116915,0.926,886.878622352585
100,400,0.25,4,1.0,0.09,41,1000,942348.7990383839,9423.48799038384,0.91,896.8213506357631
100,400,0.25,4,1.0,0.09,42,1000,944962.6047094532,9449.626047094533,0.89,914.8248436074849
100,400,0.25,4,1.0,0.09,43,1000,945768.1065375803,9457.681065375802,0.898,934.1511995209694
100,400,0.25,4,1.0,0.09,44,1000,947307.6569484782,9473.076569484781,0.913,887.3835547775351
100,400,0.25,4,1.0,0.09,45,1000,944117.3227890142,9441.173227890142,0.913,880.31107938682
100,400,0.25,4,1.0,0.09,46,1000,946103.0330313077,9461.030330313077,0.919,911.5186764393444
100,400,0.25,4,1.0,0.09,47,1000,945656.5940617452,9456.565940617453,0.898,897.1354691878762
100,400,0.25,4,1.0,0.09,48,1000,943778.9518279538,9437.789518279538,0.919,956.2409217386894
100,400,0.25,4,1.0,0.09,49,1000,944694.107512216,9446.94107512216,0.922,867.9231143057018
100,400,0.25,4,1.0,0.1,0,1000,941560.7785955749,9415.607785955748,0.935,912.832182880108
100,400,0.25,4,1.0,0.1,1,1000,937874.3450541176,9378.743450541177,0.928,907.392891747363
100,400,0.25,4,1.0,0.1,2,1000,944247.9163458544,9442.479163458544,0.934,907.5444208338781
100,400,0.25,4,1.0,0.1,3,1000,937278.6932967311,9372.78693296731,0.934,925.7348720700205
100,400,0.25,4,1.0,0.1,4,1000,941268.5023466513,9412.685023466513,0.937,897.0649961485752
100,400,0.25,4,1.0,0.1,5,1000,938242.6264990648,9382.426264990649,0.956,910.626774929039
100,400,0.25,4,1.0,0.1,6,1000,945245.4636543556,9452.454636543556,0.943,845.3323326844494
100,400,0.25,4,1.0,0.1,7,1000,936990.6031282088,9369.906031282087,0.932,874.4546398887105
100,400,0.25,4,1.0,0.1,8,1000,939192.0787633078,9391.920787633078,0.931,889.1289639126421
100,400,0.25,4,1.0,0.1,9,1000,944761.5577320235,9447.615577320235,0.945,807.2844139136301
100,400,0.25,4,1.0,0.1,10,1000,939917.8725576728,9399.178725576729,0.939,888.315325212293
100,400,0.25,4,1.0,0.1,11,1000,942792.353809826,9427.923538098259,0.922,859.2224344928708
100,400,0.25,4,1.0,0.1,12,1000,936748.3572351934,9367.483572351934,0.948,928.3959904596545
100,400,0.25,4,1.0,0.1,13,1000,943876.1485473197,9438.761485473196,0.93,853.4696493993923
100,400,0.25,4,1.0,0.1,14,1000,940495.8444865955,9404.958444865955,0.924,902.6532036354868
100,400,0.25,4,1.0,0.1,15,1000,940764.1556434648,9407.641556434648,0.938,873.6683987224977
100,400,0.25,4,1.0,0.1,16,1000,938234.4914559927,9382.344914559926,0.933,879.4825058771899
100,400,0.25,4,1.0,0.1,17,1000,940988.2211297085,9409.882211297085,0.936,864.2269803197782
100,400,0.25,4,1.0,0.1,18,1000,942242.9675873755,9422.429675873755,0.93,850.635344095181
100,400,0.25,4,1.0,0.1,19,1000,940388.8403905692,9403.888403905692,0.926,904.1141867127883
100,400,0.25,4,1.0,0.1,20,1000,938563.7937367213,9385.637937367213,0.931,921.4384889618163
100,400,0.25,4,1.0,0.1,21,1000,940542.8031462897,9405.428031462896,0.939,909.7808104007049
100,400,0.25,4,1.0,0.1,22,1000,935671.6080335035,9356.716080335034,0.931,859.555346303473
100,400,0.25,4,1.0,0.1,23,1000,940368.3573125177,9403.683573125178,0.925,861.7460644791669
100,400,0.25,4,1.0,0.1,24,1000,937409.4619156214,9374.094619156214,0.942,905.2712565695701
100,400,0.25,4,1.0,0.1,25,1000,940793.3866888555,9407.933866888554,0.936,883.831745631697
100,400,0.25,4,1.0,0.1,26,1000,945234.8153359644,9452.348153359644,0.938,851.8039183542544
100,400,0.25,4,1.0,0.1,27,1000,941734.873934355,9417.34873934355,0.925,917.6877981025882
100,400,0.25,4,1.0,0.1,28,1000,935552.8394191889,9355.52839419189,0.938,929.3138552444831
100,400,0.25,4,1.0,0.1,29,1000,940116.7751983509,9401.167751983508,0.955,896.0536795969409
100,400,0.25,4,1.0,0.1,30,1000,940464.8428896316,9404.648428896317,0.933,933.1532071402282
100,400,0.25,4,1.0,0.1,31,1000,943178.2654810668,9431.782654810668,0.927,876.1071052275961
100,400,0.25,4,1.0,0.1,32,1000,941700.6131753346,9417.006131753347,0.935,883.5494268391396
100,400,0.25,4,1.0,0.1,33,1000,940910.2971467045,9409.102971467046,0.934,932.0535251117208
100,400,0.25,4,1.0,0.1,34,1000,944092.0679563998,9440.920679563998,0.94,889.2643935673386
100,400,0.25,4,1.0,0.1,35,1000,941068.8586664195,9410.688586664195,0.936,909.4566296250538
100,400,0.25,4,1.0,0.1,36,1000,940085.9804334842,9400.859804334841,0.928,916.5599297146031
100,400,0.25,4,1.0,0.1,37,1000,940192.2367443381,9401.922367443382,0.925,874.7030095718576
100,400,0.25,4,1.0,0.1,38,1000,940417.0882315338,9404.170882315339,0.927,914.4702511048332
100,400,0.25,4,1.0,0.1,39,1000,942931.3250297493,9429.313250297493,0.93,898.054888131028
100,400,0.25,4,1.0,0.1,40,1000,943448.989237496,9434.48989237496,0.918,876.6364092252658
100,400,0.25,4,1.0,0.1,41,1000,941136.8570880541,9411.36857088054,0.915,864.6729927944937
100,400,0.25,4,1.0,0.1,42,1000,935889.4718591352,9358.894718591351,0.935,925.8329056047257
100,400,0.25,4,1.0,0.1,43,1000,938140.808246132,9381.40808246132,0.928,922.8681958381345
100,400,0.25,4,1.0,0.1,44,1000,941254.8489315325,9412.548489315324,0.924,900.1858685700894
100,400,0.25,4,1.0,0.1,45,1000,940371.0904216294,9403.710904216294,0.926,878.1093219588382
100,400,0.25,4,1.0,0.1,46,1000,934206.784592404,9342.06784592404,0.945,871.8162798883372
100,400,0.25,4,1.0,0.1,47,1000,941248.6840234436,9412.486840234436,0.93,908.133385687054
100,400,0.25,4,1.0,0.1,48,1000,941077.7766788459,9410.777766788458,0.931,898.9152284381701
100,400,0.25,4,1.0,0.1,49,1000,939509.5905001193,9395.095905001193,0.945,871.8985024904762
100,400,0.25,4,1.0,0.12,0,1000,935023.1816300113,9350.231816300113,0.971,866.3699402360824
100,400,0.25,4,1.0,0.12,1,1000,934592.0864681072,9345.920864681071,0.957,824.7972826136437
100,400,0.25,4,1.0,0.12,2,1000,931748.9130933307,9317.489130933307,0.956,849.3340992667172
100,400,0.25,4,1.0,0.12,3,1000,932008.0372864607,9320.080372864608,0.962,858.1852693562902
100,400,0.25,4,1.0,0.12,4,1000,932994.2495166148,9329.942495166148,0.961,845.3752383505588
100,400,0.25,4,1.0,0.12,5,1000,936033.1256632914,9360.331256632915,0.956,830.4519436331691
100,400,0.25,4,1.0,0.12,6,1000,933892.3458321077,9338.923458321076,0.964,851.6831017915854
100,400,0.25,4,1.0,0.12,7,1000,935751.5930312306,9357.515930312305,0.962,813.4832674134113
100,400,0.25,4,1.0,0.12,8,1000,929501.9734925572,9295.019734925572,0.961,841.6301339527573
100,400,0.25,4,1.0,0.12,9,1000,930761.9547118178,9307.619547118178,0.969,842.2613992611621
100,400,0.25,4,1.0,0.12,10,1000,929154.6654730616,9291.546654730617,0.96,848.453476823734
100,400,0.25,4,1.0,0.12,11,1000,931174.2404991535,9311.742404991535,0.973,853.2483619651038
100,400,0.25,4,1.0,0.12,12,1000,932268.827236947,9322.68827236947,0.955,843.7918896529696
100,400,0.25,4,1.0,0.12,13,1000,928176.5861862683,9281.765861862683,0.942,919.1632478340817
100,400,0.25,4,1.0,0.12,14,1000,934324.4265709819,9343.244265709818,0.961,872.5876530556592
100,400,0.25,4,1.0,0.12,15,1000,933897.4579448316,9338.974579448315,0.96,852.2713122214568
100,400,0.25,4,1.0,0.12,16,1000,928923.8811129126,9289.238811129126,0.972,845.4812125626964
100,400,0.25,4,1.0,0.12,17,1000,934661.3135950273,9346.613135950272,0.966,810.4734905329145
100,400,0.25,4,1.0,0.12,18,1000,926051.3449364182,9260.513449364182,0.966,863.29915973237
100,400,0.25,4,1.0,0.12,19,1000,932287.8306003903,9322.878306003904,0.958,845.2248217270613
100,400,0.25,4,1.0,0.12,20,1000,934316.345739374,9343.16345739374,0.956,841.2276272896536
100,400,0.25,4,1.0,0.12,21,1000,933700.6624883343,9337.006624883343,0.962,843.7036557699173
100,400,0.25,4,1.0,0.12,22,1000,933138.9315121458,9331.389315121458,0.966,835.400735493542
100,400,0.25,4,1.0,0.12,23,1000,934297.0088841725,9342.970088841725,0.944,845.9533123372358
100,400,0.25,4,1.0,0.12,24,1000,927356.9985775442,9273.569985775443,0.956,864.8625367142505
100,400,0.25,4,1.0,0.12,25,1000,934812.2685251482,9348.122685251481,0.967,829.176494744859
100,400,0.25,4,1.0,0.12,26,1000,932301.2633651918,9323.012633651917,0.965,829.1205354511087
100,400,0.25,4,1.0,0.12,27,1000,932621.2719128048,9326.212719128049,0.959,846.6588799005199
100,400,0.25,4,1.0,0.12,28,1000,929351.8190394802,9293.518190394801,0.952,813.5328779090206
100,400,0.25,4,1.0,0.12,29,1000,930407.701041637,9304.07701041637,0.965,857.6673375194154
100,400,0.25,4,1.0,0.12,30,1000,936182.7865413656,9361.827865413656,0.96,821.6550181435035
100,400,0.25,4,1.0,0.12,31,1000,932525.5307608705,9325.255307608706,0.97,877.8108448920333
100,400,0.25,4,1.0,0.12,32,1000,930846.3563884434,9308.463563884434,0.964,853.3117300191359
100,400,0.25,4,1.0,0.12,33,1000,933725.0810618126,9337.250810618127,0.953,860.2214993275709
100,400,0.25,4,1.0,0.12,34,1000,931675.1165129651,9316.75116512965,0.964,831.2109252461697
100,400,0.25,4,1.0,0.12,35,1000,936181.1285955396,9361.811285955397,0.958,834.4531655070538
100,400,0.25,4,1.0,0.12,36,1000,936509.706092693,9365.09706092693,0.959,830.6423776698973
100,400,0.25,4,1.0,0.12,37,1000,930493.8187043372,9304.938187043372,0.957,874.3608531874413
100,400,0.25,4,1.0,0.12,38,1000,932051.699009854,9320.51699009854,0.955,866.6541936331812
100,400,0.25,4,1.0,0.12,39,1000,934237.7832805727,9342.377832805727,0.954,875.7183012678646
100,400,0.25,4,1.0,0.12,40,1000,934215.6894794541,9342.156894794542,0.967,852.7687186236997
100,400,0.25,4,1.0,0.12,41,1000,935652.4060988146,9356.524060988146,0.963,824.111747299182
100,400,0.25,4,1.0,0.12,42,1000,933495.0852197361,9334.95085219736,0.959,838.2651847829219
100,400,0.25,4,1.0,0.12,43,1000,929681.8165336393,9296.818165336394,0.961,843.7094667496822
100,400,0.25,4,1.0,0.12,44,1000,932458.0207411222,9324.580207411222,0.971,804.7713624243673
100,400,0.25,4,1.0,0.12,45,1000,934128.619578164,9341.28619578164,0.965,840.7684249858066
100,400,0.25,4,1.0,0.12,46,1000,929674.811940301,9296.74811940301,0.962,836.5129815413375
100,400,0.25,4,1.0,0.12,47,1000,936152.4937087706,9361.524937087706,0.959,805.3067033449356
100,400,0.25,4,1.0,0.12,48,1000,936204.454090865,9362.04454090865,0.956,806.6103423175848
100,400,0.25,4,1.0,0.12,49,1000,933779.1265822076,9337.791265822076,0.942,846.3256994872398
100,400,0.25,4,1.0,0.14,0,1000,919449.3491058142,9194.493491058143,0.978,823.3501508958777
100,400,0.25,4,1.0,0.14,1,1000,927025.1835611013,9270.251835611014,0.967,816.9227016344138
100,400,0.25,4,1.0,0.14,2,1000,924359.4224214912,9243.594224214912,0.967,804.3980712989483
100,400,0.25,4,1.0,0.14,3,1000,919527.5152364088,9195.275152364087,0.979,800.4441145163579
100,400,0.25,4,1.0,0.14,4,1000,919349.6638558799,9193.4966385588,0.978,828.7534481481991
100,400,0.25,4,1.0,0.14,5,1000,925345.5280145211,9253.455280145212,0.977,811.3080090297299
100,400,0.25,4,1.0,0.14,6,1000,922238.2258675616,9222.382258675616,0.969,762.0432233249254
100,400,0.25,4,1.0,0.14,7,1000,918712.6901216956,9187.126901216956,0.988,823.0939425112131
100,400,0.25,4,1.0,0.14,8,1000,924674.3450786433,9246.743450786433,0.983,802.351160046416
100,400,0.25,4,1.0,0.14,9,1000,921855.1852479157,9218.551852479157,0.968,824.9100815287262
100,400,0.25,4,1.0,0.14,10,1000,921594.8297642133,9215.948297642133,0.98,787.8175129898826
100,400,0.25,4,1.0,0.14,11,1000,922842.6371611562,9228.426371611562,0.971,809.0863199359088
100,400,0.25,4,1.0,0.14,12,1000,923675.9373870702,9236.759373870702,0.973,836.1852431185979
100,400,0.25,4,1.0,0.14,13,1000,924642.1733887247,9246.421733887248,0.98,815.4497877950256
100,400,0.25,4,1.0,0.14,14,1000,923137.1643160114,9231.371643160113,0.97,820.0689346769587
100,400,0.25,4,1.0,0.14,15,1000,921981.6313807007,9219.816313807007,0.968,808.9015496342269
100,400,0.25,4,1.0,0.14,16,1000,921766.5077782791,9217.66507778279,0.976,795.0093601490956
100,400,0.25,4,1.0,0.14,17,1000,924826.8416909932,9248.268416909932,0.978,830.9249973991292
100,400,0.25,4,1.0,0.14,18,1000,921595.6611858127,9215.956611858126,0.98,810.6201403156603
100,400,0.25,4,1.0,0.14,19,1000,924154.8407201642,9241.548407201642,0.978,795.9038539369012
100,400,0.25,4,1.0,0.14,20,1000,924011.2229362398,9240.112229362398,0.976,822.1476195385815
100,400,0.25,4,1.0,0.14,21,1000,924076.6940601872,9240.766940601872,0.985,819.4445524366344
100,400,0.25,4,1.0,0.14,22,1000,925807.1646024106,9258.071646024106,0.965,806.4089655706899
100,400,0.25,4,1.0,0.14,23,1000,924957.2966914745,9249.572966914746,0.972,803.8587920180581
100,400,0.25,4,1.0,0.14,24,1000,921830.8598229262,9218.308598229261,0.968,795.3355969127019
100,400,0.25,4,1.0,0.14,25,1000,924543.3752331232,9245.433752331232,0.981,810.5603713864442
100,400,0.25,4,1.0,0.14,26,1000,920105.1694552295,9201.051694552296,0.989,814.6424252528387
100,400,0.25,4,1.0,0.14,27,1000,922169.286909897,9221.69286909897,0.977,845.0606772023143
100,400,0.25,4,1.0,0.14,28,1000,922332.1572796449,9223.321572796449,0.971,814.7045671029682
100,400,0.25,4,1.0,0.14,29,1000,923842.6389882037,9238.426389882037,0.983,833.3316347815748
100,400,0.25,4,1.0,0.14,30,1000,921852.7216110292,9218.527216110293,0.974,854.495042591729
100,400,0.25,4,1.0,0.14,31,1000,924176.783117481,9241.76783117481,0.977,810.6051388574924
100,400,0.25,4,1.0,0.14,32,1000,926641.9885221045,9266.419885221045,0.982,795.2030643632265
100,400,0.25,4,1.0,0.14,33,1000,922736.8666925466,9227.368666925466,0.983,816.2220605758644
100,400,0.25,4,1.0,0.14,34,1000,921632.0749311834,9216.320749311833,0.975,779.5395827442793
100,400,0.25,4,1.0,0.14,35,1000,923592.8607830886,9235.928607830887,0.982,828.0824629777277
100,400,0.25,4,1.0,0.14,36,1000,925640.6354495585,9256.406354495584,0.972,823.4571339207309
100,400,0.25,4,1.0,0.14,37,1000,925309.143542215,9253.09143542215,0.974,820.8792476072642
100,400,0.25,4,1.0,0.14,38,1000,922957.1542460494,9229.571542460493,0.975,822.7940793873814
100,400,0.25,4,1.0,0.14,39,1000,922049.5883866915,9220.495883866915,0.974,775.8140009111544
100,400,0.25,4,1.0,0.14,40,1000,924565.3671810703,9245.653671810702,0.984,818.266417709026
100,400,0.25,4,1.0,0.14,41,1000,924074.496148391,9240.74496148391,0.976,804.574195057222
100,400,0.25,4,1.0,0.14,42,1000,923832.2372963353,9238.322372963354,0.978,811.0974210397316
100,400,0.25,4,1.0,0.14,43,1000,925294.270302233,9252.94270302233,0.978,784.1818566186496
100,400,0.25,4,1.0,0.14,44,1000,921552.5273842125,9215.525273842124,0.978,815.6721535108554
100,400,0.25,4,1.0,0.14,45,1000,926691.1133165294,9266.911133165295,0.968,831.1443337798661
100,400,0.25,4,1.0,0.14,46,1000,922138.1370882932,9221.381370882933,0.976,801.5442020793581
100,400,0.25,4,1.0,0.14,47,1000,923993.0216457073,9239.930216457073,0.976,787.5612378287633
100,400,0.25,4,1.0,0.14,48,1000,921678.2467988582,9216.782467988582,0.988,852.4710642099229
100,400,0.25,4,1.0,0.14,49,1000,923714.4598016652,9237.144598016652,0.969,784.9820799414458
100,400,0.25,4,1.0,0.16,0,1000,913573.4579418574,9135.734579418575,0.99,768.8501301678468
100,400,0.25,4,1.0,0.16,1,1000,912438.7342548588,9124.387342548587,0.989,781.1049898769056
100,400,0.25,4,1.0,0.16,2,1000,912211.3134634327,9122.113134634326,0.984,779.4573576922635
100,400,0.25,4,1.0,0.16,3,1000,913771.7835002757,9137.717835002757,0.985,800.3713896287499
100,400,0.25,4,1.0,0.16,4,1000,910257.0718096152,9102.570718096153,0.99,783.7732524879467
100,400,0.25,4,1.0,0.16,5,1000,911768.9838565866,9117.689838565866,0.99,799.4944615662254
100,400,0.25,4,1.0,0.16,6,1000,912804.9687390113,9128.049687390114,0.983,792.1743156378215
100,400,0.25,4,1.0,0.16,7,1000,912213.0073943288,9122.130073943288,0.99,782.9428816393922
100,400,0.25,4,1.0,0.16,8,1000,915458.6242449798,9154.586242449797,0.991,779.2931330693966
100,400,0.25,4,1.0,0.16,9,1000,912010.8975192155,9120.108975192155,0.991,805.1006219608969
100,400,0.25,4,1.0,0.16,10,1000,910916.1952517587,9109.161952517587,0.987,775.997700640862
100,400,0.25,4,1.0,0.16,11,1000,912760.4938524653,9127.604938524653,0.994,791.7650371763904
100,400,0.25,4,1.0,0.16,12,1000,913526.8063254587,9135.268063254587,0.987,794.991947046003
100,400,0.25,4,1.0,0.16,13,1000,914822.7013518297,9148.227013518297,0.983,781.6396711721815
100,400,0.25,4,1.0,0.16,14,1000,912053.2599997404,9120.532599997405,0.976,793.0908628549503
100,400,0.25,4,1.0,0.16,15,1000,910129.1128803883,9101.291128803883,0.987,791.8588230811566
100,400,0.25,4,1.0,0.16,16,1000,911631.515556674,9116.31515556674,0.987,777.2644714133974
100,400,0.25,4,1.0,0.16,17,1000,911267.8810756602,9112.678810756603,0.988,783.194883694505
100,400,0.25,4,1.0,0.16,18,1000,914140.9156711852,9141.409156711852,0.989,777.0978677612394
100,400,0.25,4,1.0,0.16,19,1000,912682.447303506,9126.82447303506,0.992,788.2629407528085
100,400,0.25,4,1.0,0.16,20,1000,916233.5744161456,9162.335744161455,0.989,781.6829285614476
100,400,0.25,4,1.0,0.16,21,1000,914910.5655927148,9149.105655927147,0.986,790.7933405341998
100,400,0.25,4,1.0,0.16,22,1000,913676.2798388057,9136.762798388057,0.985,795.3924034314264
100,400,0.25,4,1.0,0.16,23,1000,912222.397342122,9122.22397342122,0.984,751.2158367399393
100,400,0.25,4,1.0,0.16,24,1000,909569.7601768959,9095.69760176896,0.984,773.5744470520552
100,400,0.25,4,1.0,0.16,25,1000,913398.8643328055,9133.988643328055,0.982,809.6887779212113
100,400,0.25,4,1.0,0.16,26,1000,913029.7985234444,9130.297985234445,0.988,793.338703852985
100,400,0.25,4,1.0,0.16,27,1000,910121.4019163497,9101.214019163497,0.983,777.2828529840112
100,400,0.25,4,1.0,0.16,28,1000,913467.3253676692,9134.673253676692,0.987,787.3117676746672
100,400,0.25,4,1.0,0.16,29,1000,915207.9774601408,9152.079774601409,0.988,784.6760921904449
100,400,0.25,4,1.0,0.16,30,1000,913241.3954243354,9132.413954243353,0.985,800.320103525129
100,400,0.25,4,1.0,0.16,31,1000,910195.9831106545,9101.959831106546,0.983,808.0826540390764
100,400,0.25,4,1.0,0.16,32,1000,911577.693612657,9115.776936126571,0.982,785.3362327203272
100,400,0.25,4,1.0,0.16,33,1000,910321.4836019697,9103.214836019697,0.982,813.8437458389841
100,400,0.25,4,1.0,0.16,34,1000,912131.0836081828,9121.310836081828,0.985,767.2361168479828
100,400,0.25,4,1.0,0.16,35,1000,914341.8983986703,9143.418983986703,0.988,754.6162469221225
100,400,0.25,4,1.0,0.16,36,1000,914383.7760268606,9143.837760268605,0.985,780.6288062227952
100,400,0.25,4,1.0,0.16,37,1000,911833.5895859108,9118.335895859107,0.985,797.047942773087
100,400,0.25,4,1.0,0.16,38,1000,914345.7988617171,9143.45798861717,0.986,765.3330013776341
100,400,0.25,4,1.0,0.16,39,1000,911727.2444264981,9117.272444264981,0.988,803.3933957635807
100,400,0.25,4,1.0,0.16,40,1000,909535.5124139235,9095.355124139234,0.989,783.3635839437064
100,400,0.25,4,1.0,0.16,41,1000,914887.3920134546,9148.873920134545,0.986,760.0998208600547
100,400,0.25,4,1.0,0.16,42,1000,912985.1416664798,9129.851416664798,0.989,749.2638846195982
100,400,0.25,4,1.0,0.16,43,1000,911722.672154504,9117.22672154504,0.982,788.3093810181281
100,400,0.25,4,1.0,0.16,44,1000,914019.801594136,9140.19801594136,0.984,800.3817864407298
100,400,0.25,4,1.0,0.16,45,1000,913411.2747205313,9134.112747205312,0.991,753.5417967173252
100,400,0.25,4,1.0,0.16,46,1000,912021.5068176226,9120.215068176225,0.985,806.9011844027849
100,400,0.25,4,1.0,0.16,47,1000,914999.7926036903,9149.997926036904,0.976,746.4534638599423
100,400,0.25,4,1.0,0.16,48,1000,910446.5321060204,9104.465321060205,0.979,809.0403421722473
100,400,0.25,4,1.0,0.16,49,1000,914486.3352966289,9144.86335296629,0.983,794.8199719002506
100,400,0.25,4,1.0,0.18,0,1000,901702.8718714454,9017.028718714455,0.99,787.0030652794514
100,400,0.25,4,1.0,0.18,1,1000,903230.1215713542,9032.301215713542,0.989,736.8258812371898
100,400,0.25,4,1.0,0.18,2,1000,903104.8941774672,9031.048941774672,0.988,766.671632013986
100,400,0.25,4,1.0,0.18,3,1000,901843.4922815878,9018.434922815877,0.99,784.0096963712514
100,400,0.25,4,1.0,0.18,4,1000,903363.5585365178,9033.635585365178,0.991,741.3706356795652
100,400,0.25,4,1.0,0.18,5,1000,905362.989256702,9053.62989256702,0.988,751.8334531544243
100,400,0.25,4,1.0,0.18,6,1000,899629.8664164173,8996.298664164173,0.996,759.6062005854741
100,400,0.25,4,1.0,0.18,7,1000,904079.2102914525,9040.792102914525,0.991,746.7409412450943
100,400,0.25,4,1.0,0.18,8,1000,902114.638138872,9021.14638138872,0.99,742.7907148373662
100,400,0.25,4,1.0,0.18,9,1000,903515.2243091953,9035.152243091952,0.993,776.9287639013297
100,400,0.25,4,1.0,0.18,10,1000,899822.1061640624,8998.221061640625,0.991,763.9845213481256
100,400,0.25,4,1.0,0.18,11,1000,898700.1840537474,8987.001840537474,0.995,802.0411252267423
100,400,0.25,4,1.0,0.18,12,1000,901416.1323481057,9014.161323481057,0.993,757.515377681737
100,400,0.25,4,1.0,0.18,13,1000,905814.7686653092,9058.147686653092,0.99,745.5327365181868
100,400,0.25,4,1.0,0.18,14,1000,902999.584235316,9029.99584235316,0.995,756.2707030190484
100,400,0.25,4,1.0,0.18,15,1000,900214.6808152263,9002.146808152263,0.993,757.7737509227633
100,400,0.25,4,1.0,0.18,16,1000,901932.6894994234,9019.326894994234,0.991,761.6777375654449
100,400,0.25,4,1.0,0.18,17,1000,902992.7699459549,9029.92769945955,0.991,754.4213706031939
100,400,0.25,4,1.0,0.18,18,1000,899644.0594327622,8996.440594327622,0.996,761.3290428734643
100,400,0.25,4,1.0,0.18,19,1000,901801.7343742924,9018.017343742924,0.994,769.010698691484
100,400,0.25,4,1.0,0.18,20,1000,903728.5667304669,9037.28566730467,0.995,760.1501186770286
100,400,0.25,4,1.0,0.18,21,1000,902592.4789178969,9025.92478917897,0.993,770.0469438622465
100,400,0.25,4,1.0,0.18,22,1000,897912.2731798681,8979.122731798681,0.991,725.4666467303391
100,400,0.25,4,1.0,0.18,23,1000,902533.4699117688,9025.334699117688,0.992,733.622531925728
100,400,0.25,4,1.0,0.18,24,1000,904095.4540013702,9040.954540013703,0.993,765.366920892239
100,400,0.25,4,1.0,0.18,25,1000,902239.5336279243,9022.395336279244,0.992,739.3626312142217
100,400,0.25,4,1.0,0.18,26,1000,899950.9587055899,8999.509587055898,0.995,728.5978138719565
100,400,0.25,4,1.0,0.18,27,1000,902065.1061474618,9020.651061474618,0.996,747.1781212562819
100,400,0.25,4,1.0,0.18,28,1000,904721.8717999018,9047.218717999018,0.991,735.784559955372
100,400,0.25,4,1.0,0.18,29,1000,898562.0226457338,8985.620226457339,0.996,744.1013453537216
100,400,0.25,4,1.0,0.18,30,1000,903474.0635970851,9034.740635970851,0.99,733.3475882493054
100,400,0.25,4,1.0,0.18,31,1000,899457.0618044342,8994.570618044341,0.984,755.6217523838777
100,400,0.25,4,1.0,0.18,32,1000,902216.1582688112,9022.161582688112,0.991,753.8057821038723
100,400,0.25,4,1.0,0.18,33,1000,901115.7971000185,9011.157971000184,0.995,765.3083029086416
100,400,0.25,4,1.0,0.18,34,1000,899140.1881472624,8991.401881472624,0.997,754.1584291686406
100,400,0.25,4,1.0,0.18,35,1000,904332.1701859151,9043.321701859151,0.99,753.153252000123
100,400,0.25,4,1.0,0.18,36,1000,900808.9173080709,9008.089173080709,0.989,733.5380493566953
100,400,0.25,4,1.0,0.18,37,1000,900203.4921937684,9002.034921937684,0.988,738.0108683546497
100,400,0.25,4,1.0,0.18,38,1000,902164.9728201779,9021.649728201779,0.987,747.1089113740694
100,400,0.25,4,1.0,0.18,39,1000,903721.4238742975,9037.214238742976,0.993,739.2330895490479
100,400,0.25,4,1.0,0.18,40,1000,901135.1133978267,9011.351133978267,0.993,746.7713028115652
100,400,0.25,4,1.0,0.18,41,1000,901507.154259013,9015.07154259013,0.985,777.6053166044295
100,400,0.25,4,1.0,0.18,42,1000,901636.5451395361,9016.36545139536,0.992,725.1681821003375
100,400,0.25,4,1.0,0.18,43,1000,900033.013347447,9000.33013347447,0.99,785.3060275995925
100,400,0.25,4,1.0,0.18,44,1000,900886.2617305348,9008.862617305349,0.984,769.1638757457602
100,400,0.25,4,1.0,0.18,45,1000,901769.2892767465,9017.692892767465,0.987,758.7635525157393
100,400,0.25,4,1.0,0.18,46,1000,900573.491784166,9005.734917841659,0.989,763.5133386350318
100,400,0.25,4,1.0,0.18,47,1000,901351.1074648148,9013.511074648148,0.989,769.6493107475815
100,400,0.25,4,1.0,0.18,48,1000,898289.1109191937,8982.891109191936,0.996,772.5802819104374
100,400,0.25,4,1.0,0.18,49,1000,900850.5932679806,9008.505932679805,0.991,749.4956905972348
100,400,0.25,4,1.0,0.2,0,1000,890717.262052979,8907.17262052979,0.994,736.6870146395382
100,400,0.25,4,1.0,0.2,1,1000,891727.411650613,8917.274116506129,0.996,742.4129925251211
100,400,0.25,4,1.0,0.2,2,1000,892451.700054193,8924.51700054193,0.995,721.8266940034529
100,400,0.25,4,1.0,0.2,3,1000,891099.4050088369,8910.99405008837,1.0,751.5994526332955
100,400,0.25,4,1.0,0.2,4,1000,887481.1028067104,8874.811028067104,0.993,741.2749184788368
100,400,0.25,4,1.0,0.2,5,1000,891786.8852124586,8917.868852124586,0.996,737.4747574915981
100,400,0.25,4,1.0,0.2,6,1000,887606.4066885106,8876.064066885105,0.999,707.3670442297479
100,400,0.25,4,1.0,0.2,7,1000,890890.7712126544,8908.907712126544,0.994,721.1316681747766
100,400,0.25,4,1.0,0.2,8,1000,892236.7111871574,8922.367111871574,0.994,734.5875864679016
100,400,0.25,4,1.0,0.2,9,1000,891538.2430123973,8915.382430123973,0.996,703.7981676724205
100,400,0.25,4,1.0,0.2,10,1000,890411.0718464855,8904.110718464855,0.989,693.7351168678862
100,400,0.25,4,1.0,0.2,11,1000,889905.5559407381,8899.055559407381,0.993,713.5102148522491
100,400,0.25,4,1.0,0.2,12,1000,890309.0723817995,8903.090723817995,0.997,712.3104325655589
100,400,0.25,4,1.0,0.2,13,1000,891576.8208004971,8915.76820800497,0.994,743.6049873883649
100,400,0.25,4,1.0,0.2,14,1000,893024.5071109066,8930.245071109066,0.99,705.6913243421175
100,400,0.25,4,1.0,0.2,15,1000,890365.2938417555,8903.652938417556,0.994,731.2194370952433
100,400,0.25,4,1.0,0.2,16,1000,891465.4330071273,8914.654330071273,0.991,698.8276568657872
100,400,0.25,4,1.0,0.2,17,1000,892583.4058053339,8925.834058053339,0.993,708.2373021592224
100,400,0.25,4,1.0,0.2,18,1000,891051.8424775613,8910.518424775613,0.999,706.3858151562623
100,400,0.25,4,1.0,0.2,19,1000,890719.3862553801,8907.1938625538,0.992,756.5655865255985
100,400,0.25,4,1.0,0.2,20,1000,891771.8703462589,8917.71870346259,0.995,739.394451738628
100,400,0.25,4,1.0,0.2,21,1000,888982.6386869833,8889.826386869832,0.993,709.5423305759448
100,400,0.25,4,1.0,0.2,22,1000,892750.986449267,8927.50986449267,0.997,721.1743867537803
100,400,0.25,4,1.0,0.2,23,1000,887760.4549216904,8877.604549216903,0.994,721.5236394112753
100,400,0.25,4,1.0,0.2,24,1000,891301.569106303,8913.01569106303,0.994,735.7723517034657
100,400,0.25,4,1.0,0.2,25,1000,892310.6130541946,8923.106130541946,0.991,707.6976049700334
100,400,0.25,4,1.0,0.2,26,1000,890781.9055795913,8907.819055795913,0.995,720.6174286967591
100,400,0.25,4,1.0,0.2,27,1000,889163.8570933659,8891.63857093366,0.995,721.0992582238472
100,400,0.25,4,1.0,0.2,28,1000,888651.1998413542,8886.511998413542,0.997,727.4397683544091
100,400,0.25,4,1.0,0.2,29,1000,892393.3036357192,8923.933036357192,0.994,706.1031504147568
100,400,0.25,4,1.0,0.2,30,1000,891580.2998018715,8915.802998018715,0.993,687.5714915980114
100,400,0.25,4,1.0,0.2,31,1000,890376.9728231146,8903.769728231146,0.995,727.9754321687034
100,400,0.25,4,1.0,0.2,32,1000,891036.5023318984,8910.365023318984,0.996,726.4354685821812
100,400,0.25,4,1.0,0.2,33,1000,889022.9328620002,8890.229328620002,0.994,712.5297789093062
100,400,0.25,4,1.0,0.2,34,1000,889639.6997095783,8896.396997095782,0.997,719.3307503923028
100,400,0.25,4,1.0,0.2,35,1000,890744.8392539051,8907.44839253905,0.996,737.3984954353768
100,400,0.25,4,1.0,0.2,36,1000,891596.7607669268,8915.967607669269,0.995,680.0393716485004
100,400,0.25,4,1.0,0.2,37,1000,890112.8578255794,8901.128578255793,0.994,738.2118119530811
100,400,0.25,4,1.0,0.2,38,1000,892278.3502230756,8922.783502230755,0.993,702.0607364794521
100,400,0.25,4,1.0,0.2,39,1000,891208.6521528467,8912.086521528467,0.995,715.3815683059354
100,400,0.25,4,1.0,0.2,40,1000,891093.5376961696,8910.935376961696,0.993,725.4313300814788
100,400,0.25,4,1.0,0.2,41,1000,887909.5582867212,8879.095582867212,0.996,754.734771124888
100,400,0.25,4,1.0,0.2,42,1000,888705.0377176976,8887.050377176976,0.999,710.877052403995
100,400,0.25,4,1.0,0.2,43,1000,889014.9650030273,8890.149650030273,0.995,717.812471673469
100,400,0.25,4,1.0,0.2,44,1000,892304.0243187741,8923.040243187741,0.998,747.2424651052463
100,400,0.25,4,1.0,0.2,45,1000,890434.4222403471,8904.344222403472,0.997,747.0426223006277
100,400,0.25,4,1.0,0.2,46,1000,891020.9218429028,8910.209218429029,0.997,701.1470190727595
100,400,0.25,4,1.0,0.2,47,1000,891075.2054353999,8910.752054354,1.0,735.0443834170563
100,400,0.25,4,1.0,0.2,48,1000,890125.2782394382,8901.252782394382,0.995,725.0088520171162
100,400,0.25,4,1.0,0.2,49,1000,892783.2693541971,8927.83269354197,0.991,696.6847517339229
100,400,0.25,4,1.0,0.22,0,1000,878500.3163517646,8785.003163517646,0.995,718.7465924289966
100,400,0.25,4,1.0,0.22,1,1000,876422.3513139124,8764.223513139124,0.999,700.1514117553501
100,400,0.25,4,1.0,0.22,2,1000,878830.9374223484,8788.309374223485,0.994,688.6830596157945
100,400,0.25,4,1.0,0.22,3,1000,879695.2935914973,8796.952935914973,0.998,683.9065578498082
100,400,0.25,4,1.0,0.22,4,1000,880201.7628290575,8802.017628290576,0.997,665.969202815054
100,400,0.25,4,1.0,0.22,5,1000,879709.4352653451,8797.094352653452,0.997,697.9318146458825
100,400,0.25,4,1.0,0.22,6,1000,878120.9409350401,8781.209409350402,0.996,697.0863736156837
100,400,0.25,4,1.0,0.22,7,1000,878374.3436144341,8783.743436144341,0.996,698.4725911264499
100,400,0.25,4,1.0,0.22,8,1000,878301.7303267178,8783.01730326718,0.999,712.4773018440249
100,400,0.25,4,1.0,0.22,9,1000,879697.6595221463,8796.976595221464,0.997,702.2808101436553
100,400,0.25,4,1.0,0.22,10,1000,877610.8096286048,8776.108096286049,0.996,698.5768748861384
100,400,0.25,4,1.0,0.22,11,1000,877485.7934215822,8774.857934215823,0.999,689.7739276347289
100,400,0.25,4,1.0,0.22,12,1000,875826.3912067651,8758.26391206765,0.998,711.4484061544318
100,400,0.25,4,1.0,0.22,13,1000,879562.9430825614,8795.629430825613,0.993,692.9135004745798
100,400,0.25,4,1.0,0.22,14,1000,882278.3831731456,8822.783831731456,0.997,692.1504579751879
100,400,0.25,4,1.0,0.22,15,1000,878231.5201421761,8782.315201421761,0.997,694.4964930238755
100,400,0.25,4,1.0,0.22,16,1000,879432.9274270879,8794.32927427088,0.997,707.056012702167
100,400,0.25,4,1.0,0.22,17,1000,881243.2458295467,8812.432458295467,1.0,687.8305698175498
100,400,0.25,4,1.0,0.22,18,1000,878106.1283144412,8781.061283144412,0.997,697.5088890431991
100,400,0.25,4,1.0,0.22,19,1000,878968.8697886853,8789.688697886853,0.998,703.6575412140755
100,400,0.25,4,1.0,0.22,20,1000,878407.2525088841,8784.07252508884,0.997,705.7832248312487
100,400,0.25,4,1.0,0.22,21,1000,878385.6381426483,8783.856381426483,0.999,704.5555697976573
100,400,0.25,4,1.0,0.22,22,1000,881006.8421109254,8810.068421109254,0.996,693.046006930729
100,400,0.25,4,1.0,0.22,23,1000,877175.6928232654,8771.756928232655,0.997,704.7541537981599
100,400,0.25,4,1.0,0.22,24,1000,878033.9260573037,8780.339260573037,0.995,659.7416708096933
100,400,0.25,4,1.0,0.22,25,1000,880183.8551181052,8801.838551181052,0.996,703.7095573748778
100,400,0.25,4,1.0,0.22,26,1000,875956.0701896339,8759.560701896338,0.997,728.8320400581819
100,400,0.25,4,1.0,0.22,27,1000,877273.9368019894,8772.739368019895,0.998,707.9131424763992
100,400,0.25,4,1.0,0.22,28,1000,879015.5651197662,8790.155651197661,0.998,718.1218801238794
100,400,0.25,4,1.0,0.22,29,1000,882472.9599817031,8824.72959981703,0.997,695.6898490241124
100,400,0.25,4,1.0,0.22,30,1000,876824.8221053847,8768.248221053847,0.999,692.8085199128421
100,400,0.25,4,1.0,0.22,31,1000,876668.9635505276,8766.689635505276,0.998,687.2514805921187
100,400,0.25,4,1.0,0.22,32,1000,878566.6538061453,8785.666538061452,0.997,722.167305148892
100,400,0.25,4,1.0,0.22,33,1000,877216.9674638098,8772.169674638099,0.999,674.1548537539006
100,400,0.25,4,1.0,0.22,34,1000,877354.2490140289,8773.54249014029,0.996,694.6777377421114
100,400,0.25,4,1.0,0.22,35,1000,879239.9390553976,8792.399390553976,0.998,701.6166053064059
100,400,0.25,4,1.0,0.22,36,1000,877335.9645202016,8773.359645202016,0.997,683.2253225031901
100,400,0.25,4,1.0,0.22,37,1000,881142.1010413057,8811.421010413056,0.998,682.4722069780566
100,400,0.25,4,1.0,0.22,38,1000,881018.4210131438,8810.184210131438,0.996,700.2766329932105
100,400,0.25,4,1.0,0.22,39,1000,878888.8359656066,8788.888359656066,0.998,702.1628137010166
100,400,0.25,4,1.0,0.22,40,1000,876913.4600296147,8769.134600296147,0.998,673.2577735409043
100,400,0.25,4,1.0,0.22,41,1000,880731.2980807277,8807.312980807277,0.994,714.4657060547676
100,400,0.25,4,1.0,0.22,42,1000,881310.1367203569,8813.10136720357,0.996,703.0662331966842
100,400,0.25,4,1.0,0.22,43,1000,876390.1790172899,8763.901790172898,0.999,751.68314432456
100,400,0.25,4,1.0,0.22,44,1000,879932.9037743228,8799.329037743228,0.995,722.4234739652197
100,400,0.25,4,1.0,0.22,45,1000,878754.8395307927,8787.548395307927,0.998,711.9957528122546
100,400,0.25,4,1.0,0.22,46,1000,878611.7245884909,8786.117245884909,0.996,690.7974238820268
100,400,0.25,4,1.0,0.22,47,1000,879659.1774656038,8796.591774656037,0.998,697.0673778937036
100,400,0.25,4,1.0,0.22,48,1000,879308.2371752302,8793.082371752302,0.999,688.9905829935444
100,400,0.25,4,1.0,0.22,49,1000,879182.2958387836,8791.822958387836,0.997,696.3739043119132
100,400,0.25,4,1.0,0.24,0,1000,865268.8439513153,8652.688439513153,1.0,684.1034313353737
100,400,0.25,4,1.0,0.24,1,1000,867027.1289512913,8670.271289512913,0.997,657.4872986930645
100,400,0.25,4,1.0,0.24,2,1000,868956.471502264,8689.56471502264,0.997,670.101670044698
100,400,0.25,4,1.0,0.24,3,1000,867282.1134108143,8672.821134108142,0.999,682.4444037209764
100,400,0.25,4,1.0,0.24,4,1000,867518.7169700287,8675.187169700286,0.998,683.5401533337194
100,400,0.25,4,1.0,0.24,5,1000,866314.7340445193,8663.147340445192,1.0,675.7681993555934
100,400,0.25,4,1.0,0.24,6,1000,868605.9051820402,8686.059051820403,0.998,652.6272509646622
100,400,0.25,4,1.0,0.24,7,1000,865343.0051347464,8653.430051347465,1.0,662.9966922476923
100,400,0.25,4,1.0,0.24,8,1000,867252.1304583066,8672.521304583066,0.998,671.2093023669537
100,400,0.25,4,1.0,0.24,9,1000,867491.486413442,8674.91486413442,1.0,652.5604249770718
100,400,0.25,4,1.0,0.24,10,1000,867867.8620246031,8678.67862024603,0.998,666.5469295150805
100,400,0.25,4,1.0,0.24,11,1000,868586.2552410574,8685.862552410574,0.997,673.0550694584869
100,400,0.25,4,1.0,0.24,12,1000,866182.539453298,8661.82539453298,0.999,668.7096124158064
100,400,0.25,4,1.0,0.24,13,1000,869693.533339563,8696.93533339563,1.0,672.2305881183873
100,400,0.25,4,1.0,0.24,14,1000,866192.0220094086,8661.920220094085,1.0,678.8877418506993
100,400,0.25,4,1.0,0.24,15,1000,866644.0965322852,8666.440965322852,1.0,695.3738786058581
100,400,0.25,4,1.0,0.24,16,1000,863812.0870808573,8638.120870808572,0.999,650.8514671671209
100,400,0.25,4,1.0,0.24,17,1000,869071.7569375503,8690.717569375503,0.999,672.6665350448706
100,400,0.25,4,1.0,0.24,18,1000,867673.9274501014,8676.739274501013,0.996,667.918833545216
100,400,0.25,4,1.0,0.24,19,1000,865842.4880274587,8658.424880274586,0.998,668.2108247265359
100,400,0.25,4,1.0,0.24,20,1000,868309.9560368028,8683.099560368028,0.998,668.7797367594638
100,400,0.25,4,1.0,0.24,21,1000,864280.4591984686,8642.804591984686,0.999,668.8535426664714
100,400,0.25,4,1.0,0.24,22,1000,865250.7360934332,8652.507360934333,1.0,670.2542207904502
100,400,0.25,4,1.0,0.24,23,1000,867164.6569572231,8671.64656957223,0.999,684.1207965076621
100,400,0.25,4,1.0,0.24,24,1000,864500.1397918315,8645.001397918315,0.997,682.6367857631396
100,400,0.25,4,1.0,0.24,25,1000,867245.744941782,8672.45744941782,0.995,692.0480574765478
100,400,0.25,4,1.0,0.24,26,1000,865742.7148795541,8657.427148795541,0.999,685.050846436249
100,400,0.25,4,1.0,0.24,27,1000,865867.7817196366,8658.677817196367,0.999,670.7505695089575
100,400,0.25,4,1.0,0.24,28,1000,866446.3358839252,8664.463358839252,1.0,680.9806615265268
100,400,0.25,4,1.0,0.24,29,1000,868683.5441332788,8686.835441332787,0.999,668.1536998528328
100,400,0.25,4,1.0,0.24,30,1000,867846.3741913516,8678.463741913516,0.997,656.3902081068657
100,400,0.25,4,1.0,0.24,31,1000,867090.7133523962,8670.907133523962,1.0,700.6799115132349
100,400,0.25,4,1.0,0.24,32,1000,869247.8627997931,8692.47862799793,0.999,696.1340121041983
100,400,0.25,4,1.0,0.24,33,1000,863336.3953427463,8633.363953427463,0.998,674.8238540927036
100,400,0.25,4,1.0,0.24,34,1000,865911.3205463556,8659.113205463556,0.999,681.3019661824084
100,400,0.25,4,1.0,0.24,35,1000,868798.6387327672,8687.986387327672,0.999,681.6286298093519
100,400,0.25,4,1.0,0.24,36,1000,865602.478079661,8656.02478079661,0.999,650.7745272915455
100,400,0.25,4,1.0,0.24,37,1000,868477.9739083777,8684.779739083777,0.998,685.4617294958997
100,400,0.25,4,1.0,0.24,38,1000,865797.6050327842,8657.976050327841,0.998,699.9562515290766
100,400,0.25,4,1.0,0.24,39,1000,866080.5738051495,8660.805738051495,0.998,697.9315354413861
100,400,0.25,4,1.0,0.24,40,1000,868715.9801446503,8687.159801446503,0.998,662.5900083078867
100,400,0.25,4,1.0,0.24,41,1000,865803.1277522349,8658.03127752235,0.997,682.4315797567806
100,400,0.25,4,1.0,0.24,42,1000,868593.2721494638,8685.932721494637,0.999,654.1047571668983
100,400,0.25,4,1.0,0.24,43,1000,866760.9035665377,8667.609035665377,0.998,673.6954982924935
100,400,0.25,4,1.0,0.24,44,1000,867533.1558912826,8675.331558912825,0.996,653.4578609369048
100,400,0.25,4,1.0,0.24,45,1000,866539.9156510519,8665.399156510519,0.998,691.3481177732658
100,400,0.25,4,1.0,0.24,46,1000,865422.6998519889,8654.22699851989,0.998,644.6344770342596
100,400,0.25,4,1.0,0.24,47,1000,868851.8038591173,8688.518038591174,0.995,684.6913552884146
100,400,0.25,4,1.0,0.24,48,1000,866905.2321617116,8669.052321617115,0.999,668.1073476271457
100,400,0.25,4,1.0,0.24,49,1000,867142.3482703068,8671.423482703069,0.996,686.4193426174016
100,400,0.25,4,1.0,0.26,0,1000,857206.7209530161,8572.067209530162,0.999,655.4292634204644
100,400,0.25,4,1.0,0.26,1,1000,853796.2089384304,8537.962089384304,0.999,688.286178576707
100,400,0.25,4,1.0,0.26,2,1000,857624.4053048795,8576.244053048795,0.998,645.6924505696932
100,400,0.25,4,1.0,0.26,3,1000,852374.3932159205,8523.743932159205,0.998,655.0436286718608
100,400,0.25,4,1.0,0.26,4,1000,852838.7651567917,8528.387651567917,1.0,620.7579095985575
100,400,0.25,4,1.0,0.26,5,1000,855517.9514696064,8555.179514696063,0.999,657.8158949622391
100,400,0.25,4,1.0,0.26,6,1000,855574.0150429587,8555.740150429587,1.0,666.1446472865242
100,400,0.25,4,1.0,0.26,7,1000,855032.2196702062,8550.322196702062,0.998,647.7066593573587
100,400,0.25,4,1.0,0.26,8,1000,857063.2859260524,8570.632859260524,0.998,620.925977389839
100,400,0.25,4,1.0,0.26,9,1000,856706.2760197563,8567.062760197563,1.0,652.9618437405627
100,400,0.25,4,1.0,0.26,10,1000,853251.0560532974,8532.510560532974,0.999,660.653478913461
100,400,0.25,4,1.0,0.26,11,1000,855600.4721208363,8556.004721208363,1.0,641.6772240765796
100,400,0.25,4,1.0,0.26,12,1000,851874.4100655876,8518.744100655877,1.0,660.4214466110158
100,400,0.25,4,1.0,0.26,13,1000,853509.8898521153,8535.098898521153,0.998,651.3670160436886
100,400,0.25,4,1.0,0.26,14,1000,855378.1924499703,8553.781924499703,1.0,638.9545290457011
100,400,0.25,4,1.0,0.26,15,1000,853463.7577145472,8534.637577145471,1.0,662.708741671453
100,400,0.25,4,1.0,0.26,16,1000,854746.5214217409,8547.465214217409,1.0,639.6220023991107
100,400,0.25,4,1.0,0.26,17,1000,853484.1724839739,8534.841724839738,1.0,636.402811581657
100,400,0.25,4,1.0,0.26,18,1000,854620.6957184087,8546.206957184088,0.999,669.3252716660188
100,400,0.25,4,1.0,0.26,19,1000,856049.5541829203,8560.495541829203,0.998,622.5276639434427
100,400,0.25,4,1.0,0.26,20,1000,855510.3071405583,8555.103071405583,1.0,664.1621419317041
100,400,0.25,4,1.0,0.26,21,1000,856940.1910286866,8569.401910286866,1.0,638.3399619059131
100,400,0.25,4,1.0,0.26,22,1000,854678.917885266,8546.78917885266,0.999,637.1019224445264
100,400,0.25,4,1.0,0.26,23,1000,854498.3845495088,8544.983845495088,1.0,641.2752275853392
100,400,0.25,4,1.0,0.26,24,1000,854936.3027682462,8549.363027682462,0.998,653.1199639968112
100,400,0.25,4,1.0,0.26,25,1000,852308.3422943852,8523.083422943851,1.0,673.9257917718172
100,400,0.25,4,1.0,0.26,26,1000,855515.3528354495,8555.153528354494,0.998,651.8851667671449
100,400,0.25,4,1.0,0.26,27,1000,853591.2507127799,8535.9125071278,1.0,670.5208352632554
100,400,0.25,4,1.0,0.26,28,1000,854949.6144253053,8549.496144253053,1.0,644.9736862084975
100,400,0.25,4,1.0,0.26,29,1000,852964.8536115807,8529.648536115807,1.0,655.6054759619753
100,400,0.25,4,1.0,0.26,30,1000,854245.1330969306,8542.451330969307,1.0,637.5727774365238
100,400,0.25,4,1.0,0.26,31,1000,852796.2126922968,8527.962126922968,1.0,672.5178005053352
100,400,0.25,4,1.0,0.26,32,1000,854325.4778380926,8543.254778380926,0.999,672.9221469692363
100,400,0.25,4,1.0,0.26,33,1000,852720.5742871689,8527.205742871689,0.999,648.7684756271299
100,400,0.25,4,1.0,0.26,34,1000,855157.783898119,8551.57783898119,0.999,653.0482526940101
100,400,0.25,4,1.0,0.26,35,1000,853737.3528323233,8537.373528323233,0.998,623.0346720598033
100,400,0.25,4,1.0,0.26,36,1000,853989.075413195,8539.89075413195,0.999,655.4433468371175
100,400,0.25,4,1.0,0.26,37,1000,856795.0407552513,8567.950407552513,0.999,651.9865585749152
100,400,0.25,4,1.0,0.26,38,1000,855077.3046518266,8550.773046518267,0.998,656.2213823482365
100,400,0.25,4,1.0,0.26,39,1000,854946.3437528909,8549.46343752891,0.998,663.0564222027781
100,400,0.25,4,1.0,0.26,40,1000,855283.7908915916,8552.837908915915,1.0,646.0801863646136
100,400,0.25,4,1.0,0.26,41,1000,853507.3665409897,8535.073665409896,0.998,620.0190110737021
100,400,0.25,4,1.0,0.26,42,1000,855062.4047405428,8550.624047405428,0.999,663.6622077198135
100,400,0.25,4,1.0,0.26,43,1000,855644.6834124059,8556.446834124059,1.0,650.9543116417284
100,400,0.25,4,1.0,0.26,44,1000,853818.383372102,8538.183833721021,0.999,655.2521684630393
100,400,0.25,4,1.0,0.26,45,1000,855034.0010583353,8550.340010583353,0.999,658.694233734642
100,400,0.25,4,1.0,0.26,46,1000,855117.925411384,8551.17925411384,0.996,673.6809033095741
100,400,0.25,4,1.0,0.26,47,1000,856162.4130993466,8561.624130993465,0.998,656.7460748878908
100,400,0.25,4,1.0,0.26,48,1000,854812.2576853571,8548.122576853571,0.999,643.1835887126463
100,400,0.25,4,1.0,0.26,49,1000,857929.8447662187,8579.298447662186,0.998,654.186865084757
100,400,0.25,4,1.0,0.28,0,1000,841133.0493378182,8411.330493378182,1.0,617.6524096688009
100,400,0.25,4,1.0,0.28,1,1000,844757.7499004945,8447.577499004945,0.999,651.9541950434341
100,400,0.25,4,1.0,0.28,2,1000,842301.8181968725,8423.018181968724,1.0,628.0674089166497
100,400,0.25,4,1.0,0.28,3,1000,843258.5091608473,8432.585091608473,0.999,633.734194373106
100,400,0.25,4,1.0,0.28,4,1000,844221.2516295502,8442.212516295502,0.998,645.4665998379755
100,400,0.25,4,1.0,0.28,5,1000,840698.9658331728,8406.989658331728,0.999,627.6494287705664
100,400,0.25,4,1.0,0.28,6,1000,843938.4997488314,8439.384997488314,1.0,626.7229375577249
100,400,0.25,4,1.0,0.28,7,1000,842546.2376534442,8425.462376534442,1.0,633.2911247816871
100,400,0.25,4,1.0,0.28,8,1000,845456.5194605044,8454.565194605044,1.0,638.2993635206575
100,400,0.25,4,1.0,0.28,9,1000,845417.2063996335,8454.172063996335,0.999,629.4865518446647
100,400,0.25,4,1.0,0.28,10,1000,841611.1019039822,8416.111019039823,1.0,626.213302395524
100,400,0.25,4,1.0,0.28,11,1000,843379.6363028584,8433.796363028583,1.0,631.3037378485081
100,400,0.25,4,1.0,0.28,12,1000,840404.6600878064,8404.046600878064,0.999,612.4892007572399
100,400,0.25,4,1.0,0.28,13,1000,842748.3466153765,8427.483466153766,1.0,620.6131102714962
100,400,0.25,4,1.0,0.28,14,1000,843194.588256822,8431.94588256822,1.0,646.4581347232913
100,400,0.25,4,1.0,0.28,15,1000,840868.7542567335,8408.687542567335,1.0,613.3027139762363
100,400,0.25,4,1.0,0.28,16,1000,842950.9703782843,8429.509703782844,1.0,601.9798553077425
100,400,0.25,4,1.0,0.28,17,1000,845279.5892096283,8452.795892096283,0.999,625.9424358502056
100,400,0.25,4,1.0,0.28,18,1000,841711.7206012699,8417.1172060127,0.999,651.1554567360746
100,400,0.25,4,1.0,0.28,19,1000,841697.0000283881,8416.970000283882,1.0,637.8503446305292
100,400,0.25,4,1.0,0.28,20,1000,844880.7776287821,8448.80777628782,1.0,627.378801531974
100,400,0.25,4,1.0,0.28,21,1000,842767.856782017,8427.67856782017,0.999,626.9642579447552
100,400,0.25,4,1.0,0.28,22,1000,840973.7172315619,8409.73717231562,1.0,609.9378027681676
100,400,0.25,4,1.0,0.28,23,1000,842494.4901032604,8424.944901032604,0.999,617.7345945535538
100,400,0.25,4,1.0,0.28,24,1000,842750.461716276,8427.50461716276,0.999,631.7776419842191
100,400,0.25,4,1.0,0.28,25,1000,843890.2909148969,8438.902909148968,1.0,631.3832979550584
100,400,0.25,4,1.0,0.28,26,1000,842803.9438567495,8428.039438567495,1.0,636.3498123857149
100,400,0.25,4,1.0,0.28,27,1000,841915.2181715872,8419.152181715872,0.999,627.648037692621
100,400,0.25,4,1.0,0.28,28,1000,843035.5583769567,8430.355583769568,1.0,623.4245841671127
100,400,0.25,4,1.0,0.28,29,1000,842299.236313327,8422.99236313327,1.0,613.4191345050606
100,400,0.25,4,1.0,0.28,30,1000,844568.3168395945,8445.683168395944,1.0,634.5054726539008
100,400,0.25,4,1.0,0.28,31,1000,843562.6957922133,8435.626957922133,1.0,612.3393533419444
100,400,0.25,4,1.0,0.28,32,1000,844226.8188869336,8442.268188869337,1.0,620.8030125393954
100,400,0.25,4,1.0,0.28,33,1000,839555.402974092,8395.55402974092,1.0,638.7068987084502
100,400,0.25,4,1.0,0.28,34,1000,841939.090392482,8419.39090392482,0.999,654.1032574720684
100,400,0.25,4,1.0,0.28,35,1000,841984.4485912257,8419.844485912257,0.999,618.0047455702992
100,400,0.25,4,1.0,0.28,36,1000,839284.1864428159,8392.84186442816,1.0,621.5724690101199
100,400,0.25,4,1.0,0.28,37,1000,845296.6127577166,8452.966127577165,1.0,634.7178813215636
100,400,0.25,4,1.0,0.28,38,1000,843783.0830136626,8437.830830136627,1.0,620.5373604081597
100,400,0.25,4,1.0,0.28,39,1000,841917.4111301178,8419.174111301178,1.0,615.1936752564465
100,400,0.25,4,1.0,0.28,40,1000,843620.9312256733,8436.209312256733,1.0,618.3254524126817
100,400,0.25,4,1.0,0.28,41,1000,842900.6925879797,8429.006925879798,0.999,622.6103942821233
100,400,0.25,4,1.0,0.28,42,1000,840283.2903813015,8402.832903813016,0.999,622.7550030857407
100,400,0.25,4,1.0,0.28,43,1000,842751.0227661696,8427.510227661696,1.0,646.6764044149146
100,400,0.25,4,1.0,0.28,44,1000,844551.0258145558,8445.510258145558,0.999,614.951138264215
100,400,0.25,4,1.0,0.28,45,1000,842030.2293102117,8420.302293102117,0.999,638.3020114636831
100,400,0.25,4,1.0,0.28,46,1000,841932.9563955254,8419.329563955254,1.0,643.7462956112532
100,400,0.25,4,1.0,0.28,47,1000,843343.9365522726,8433.439365522727,1.0,637.7585476165615
100,400,0.25,4,1.0,0.28,48,1000,844301.0262626838,8443.010262626838,1.0,628.1506634797177
100,400,0.25,4,1.0,0.28,49,1000,841471.4892121127,8414.714892121126,1.0,665.3048483371831
100,400,0.25,4,1.0,0.3,0,1000,828565.3388917545,8285.653388917544,1.0,623.2874470588781
100,400,0.25,4,1.0,0.3,1,1000,829113.1092186724,8291.131092186724,1.0,614.9060397195509
100,400,0.25,4,1.0,0.3,2,1000,826030.011281249,8260.30011281249,1.0,608.8611552459348
100,400,0.25,4,1.0,0.3,3,1000,832106.2603620745,8321.062603620745,1.0,578.2330479032586
100,400,0.25,4,1.0,0.3,4,1000,827965.8947899693,8279.658947899694,1.0,610.4753746829018
100,400,0.25,4,1.0,0.3,5,1000,830394.4596552538,8303.944596552537,0.998,599.3509291679397
100,400,0.25,4,1.0,0.3,6,1000,831610.7690844429,8316.107690844428,0.998,608.4601445037447
100,400,0.25,4,1.0,0.3,7,1000,830895.6539982334,8308.956539982333,1.0,598.5431468912464
100,400,0.25,4,1.0,0.3,8,1000,833021.4137729582,8330.214137729583,1.0,591.8165783500815
100,400,0.25,4,1.0,0.3,9,1000,833047.6449325234,8330.476449325233,1.0,596.6604720687541
100,400,0.25,4,1.0,0.3,10,1000,828737.0033924024,8287.370033924024,1.0,597.4036156217004
100,400,0.25,4,1.0,0.3,11,1000,829278.4415748875,8292.784415748874,1.0,627.5255191235988
100,400,0.25,4,1.0,0.3,12,1000,831904.1816792025,8319.041816792025,1.0,631.8842808001101
100,400,0.25,4,1.0,0.3,13,1000,830011.7016677642,8300.117016677643,0.999,589.2974880078353
100,400,0.25,4,1.0,0.3,14,1000,830158.581188756,8301.58581188756,0.998,588.2183850896863
100,400,0.25,4,1.0,0.3,15,1000,829991.0315395265,8299.910315395266,1.0,611.3972963623952
100,400,0.25,4,1.0,0.3,16,1000,829140.065048601,8291.40065048601,1.0,610.3283420850223
100,400,0.25,4,1.0,0.3,17,1000,831974.9228111065,8319.749228111066,1.0,606.0491241443974
100,400,0.25,4,1.0,0.3,18,1000,830963.2894683211,8309.63289468321,1.0,599.9646904099384
100,400,0.25,4,1.0,0.3,19,1000,832195.1801705705,8321.951801705705,1.0,598.8627976978455
100,400,0.25,4,1.0,0.3,20,1000,832731.9359430936,8327.319359430936,1.0,607.4087266259296
100,400,0.25,4,1.0,0.3,21,1000,830269.0826294975,8302.690826294975,1.0,585.1159352104532
100,400,0.25,4,1.0,0.3,22,1000,829694.5322925579,8296.94532292558,0.999,610.8284152256647
100,400,0.25,4,1.0,0.3,23,1000,832054.7919871786,8320.547919871786,1.0,593.2577527133285
100,400,0.25,4,1.0,0.3,24,1000,829997.3774945699,8299.973774945698,1.0,594.264203139735
100,400,0.25,4,1.0,0.3,25,1000,830012.8868439298,8300.128868439298,1.0,603.9843061810866
100,400,0.25,4,1.0,0.3,26,1000,829412.8149721549,8294.12814972155,1.0,595.7819020989347
100,400,0.25,4,1.0,0.3,27,1000,829703.7682336124,8297.037682336124,1.0,628.4956706503978
100,400,0.25,4,1.0,0.3,28,1000,829828.1957837547,8298.281957837547,1.0,636.4108497695224
100,400,0.25,4,1.0,0.3,29,1000,830245.3899853533,8302.453899853534,1.0,589.4040001961462
100,400,0.25,4,1.0,0.3,30,1000,828682.6223424965,8286.826223424965,1.0,579.5804055194793
100,400,0.25,4,1.0,0.3,31,1000,827553.3028041737,8275.533028041737,1.0,578.8661307232521
100,400,0.25,4,1.0,0.3,32,1000,833057.8401457849,8330.57840145785,0.999,596.3803977278077
100,400,0.25,4,1.0,0.3,33,1000,830397.0294975868,8303.970294975868,0.999,597.7937829063661
100,400,0.25,4,1.0,0.3,34,1000,829798.7754437964,8297.987754437963,1.0,612.5134942868754
100,400,0.25,4,1.0,0.3,35,1000,829177.815086316,8291.77815086316,1.0,595.8605517398645
100,400,0.25,4,1.0,0.3,36,1000,827120.0398166431,8271.200398166431,1.0,615.0321533694786
100,400,0.25,4,1.0,0.3,37,1000,831656.4773624255,8316.564773624255,1.0,611.4306733145567
100,400,0.25,4,1.0,0.3,38,1000,826462.3903846574,8264.623903846574,1.0,565.9606653044749
100,400,0.25,4,1.0,0.3,39,1000,829015.9193761126,8290.159193761127,1.0,592.3257178872667
100,400,0.25,4,1.0,0.3,40,1000,829837.2683403097,8298.372683403097,1.0,609.063189523962
100,400,0.25,4,1.0,0.3,41,1000,830129.0411364789,8301.29041136479,1.0,602.0056464134708
100,400,0.25,4,1.0,0.3,42,1000,828784.8415235806,8287.848415235807,1.0,603.1987075488713
100,400,0.25,4,1.0,0.3,43,1000,831141.6669879131,8311.41666987913,1.0,625.6829083589714
100,400,0.25,4,1.0,0.3,44,1000,830228.8692773329,8302.288692773329,1.0,599.0137167085873
100,400,0.25,4,1.0,0.3,45,1000,830703.8389847433,8307.038389847434,1.0,609.228340858343
100,400,0.25,4,1.0,0.3,46,1000,828288.1682991795,8282.881682991796,1.0,597.4969996205274
100,400,0.25,4,1.0,0.3,47,1000,830786.3057290207,8307.863057290208,1.0,595.5574228181988
100,400,0.25,4,1.0,0.3,48,1000,829833.9920903003,8298.339920903003,1.0,609.4957513225463
100,400,0.25,4,1.0,0.3,49,1000,830208.0659070415,8302.080659070416,1.0,617.1763560256935
100,400,0.25,4,1.0,0.35,0,1000,797723.9256126233,7977.239256126233,1.0,544.4071656014181
100,400,0.25,4,1.0,0.35,1,1000,796271.9232765469,7962.719232765468,1.0,550.0755090579611
100,400,0.25,4,1.0,0.35,2,1000,799207.560402129,7992.07560402129,1.0,554.6326760890405
100,400,0.25,4,1.0,0.35,3,1000,799193.3405597183,7991.933405597183,1.0,547.2656467893219
100,400,0.25,4,1.0,0.35,4,1000,793898.0808225531,7938.980808225531,1.0,533.2837847733622
100,400,0.25,4,1.0,0.35,5,1000,798416.592363837,7984.165923638369,1.0,563.8479533073512
100,400,0.25,4,1.0,0.35,6,1000,802002.1881994206,8020.021881994206,1.0,525.6626704194471
100,400,0.25,4,1.0,0.35,7,1000,796776.4651763712,7967.764651763711,1.0,519.1589108594154
100,400,0.25,4,1.0,0.35,8,1000,799274.3726013764,7992.743726013764,1.0,503.4655646201447
100,400,0.25,4,1.0,0.35,9,1000,799455.1406166535,7994.551406166534,1.0,550.2738636501347
100,400,0.25,4,1.0,0.35,10,1000,794474.9657732133,7944.749657732133,1.0,515.6464429944108
100,400,0.25,4,1.0,0.35,11,1000,797672.8713259047,7976.728713259047,1.0,516.8149143960549
100,400,0.25,4,1.0,0.35,12,1000,797998.8215993114,7979.988215993114,1.0,560.0401739381975
100,400,0.25,4,1.0,0.35,13,1000,801111.5941601661,8011.115941601661,1.0,526.1742711159183
100,400,0.25,4,1.0,0.35,14,1000,795635.5776447378,7956.355776447378,1.0,542.9457929017427
100,400,0.25,4,1.0,0.35,15,1000,798334.5337521872,7983.345337521871,1.0,528.8321499424101
100,400,0.25,4,1.0,0.35,16,1000,800827.5504961569,8008.275504961569,1.0,518.9958256643608
100,400,0.25,4,1.0,0.35,17,1000,797781.168800988,7977.81168800988,1.0,545.3077736721028
100,400,0.25,4,1.0,0.35,18,1000,798462.9715745116,7984.629715745116,1.0,552.1443616290263
100,400,0.25,4,1.0,0.35,19,1000,798444.2913932401,7984.442913932401,0.999,549.1204771273877
100,400,0.25,4,1.0,0.35,20,1000,798468.5923109014,7984.685923109014,1.0,550.9960806665176
100,400,0.25,4,1.0,0.35,21,1000,799818.4719799449,7998.184719799448,1.0,545.9270011293014
100,400,0.25,4,1.0,0.35,22,1000,798629.3669416491,7986.293669416491,1.0,549.9873810001283
100,400,0.25,4,1.0,0.35,23,1000,797311.0811143931,7973.110811143931,1.0,530.3264159131745
100,400,0.25,4,1.0,0.35,24,1000,800022.2305232291,8000.222305232292,1.0,534.491645453729
100,400,0.25,4,1.0,0.35,25,1000,794522.6341703964,7945.226341703964,1.0,532.2918377330313
100,400,0.25,4,1.0,0.35,26,1000,796526.1205075782,7965.2612050757825,1.0,531.8333490676063
100,400,0.25,4,1.0,0.35,27,1000,795667.9974417995,7956.679974417995,1.0,524.4184320996239
100,400,0.25,4,1.0,0.35,28,1000,796206.5420335543,7962.0654203355425,1.0,527.6692688457928
100,400,0.25,4,1.0,0.35,29,1000,795182.7666292236,7951.827666292236,1.0,548.0340515911781
100,400,0.25,4,1.0,0.35,30,1000,797135.6999565786,7971.356999565785,0.999,513.7277362235485
100,400,0.25,4,1.0,0.35,31,1000,794661.6500580437,7946.616500580437,1.0,531.6192591457623
100,400,0.25,4,1.0,0.35,32,1000,798715.0006106606,7987.150006106606,1.0,524.67409306974
100,400,0.25,4,1.0,0.35,33,1000,798481.839782661,7984.81839782661,1.0,542.8030051400407
100,400,0.25,4,1.0,0.35,34,1000,794107.6386125017,7941.076386125017,1.0,531.7565978982925
100,400,0.25,4,1.0,0.35,35,1000,797953.413268058,7979.53413268058,1.0,548.2171601437053
100,400,0.25,4,1.0,0.35,36,1000,797658.8026955596,7976.5880269555955,1.0,522.9124314800007
100,400,0.25,4,1.0,0.35,37,1000,795356.5829646242,7953.565829646242,1.0,542.9230503732355
100,400,0.25,4,1.0,0.35,38,1000,793946.4907806494,7939.464907806494,1.0,510.6860507622891
100,400,0.25,4,1.0,0.35,39,1000,799280.2079190181,7992.802079190181,1.0,529.7190342080752
100,400,0.25,4,1.0,0.35,40,1000,801453.9206082746,8014.539206082746,1.0,549.8820702772698
100,400,0.25,4,1.0,0.35,41,1000,797161.9605343874,7971.619605343873,1.0,522.7203023452332
100,400,0.25,4,1.0,0.35,42,1000,794593.9861020023,7945.939861020023,1.0,517.1167972213977
100,400,0.25,4,1.0,0.35,43,1000,798818.6054815149,7988.186054815149,1.0,541.1884533061796
100,400,0.25,4,1.0,0.35,44,1000,798630.5217835291,7986.305217835291,1.0,561.3617062077434
100,400,0.25,4,1.0,0.35,45,1000,799119.3095043097,7991.193095043097,0.999,544.4781222930551
100,400,0.25,4,1.0,0.35,46,1000,795966.5640169904,7959.665640169904,1.0,544.4707112163866
100,400,0.25,4,1.0,0.35,47,1000,796242.5478928216,7962.425478928216,1.0,521.1499007246431
100,400,0.25,4,1.0,0.35,48,1000,799070.5753883976,7990.705753883975,1.0,527.3240901363381
100,400,0.25,4,1.0,0.35,49,1000,797365.115994851,7973.65115994851,1.0,531.1784248913426
100,400,0.25,4,1.0,0.4,0,1000,762260.5742193174,7622.605742193174,1.0,441.46780452043424
100,400,0.25,4,1.0,0.4,1,1000,763015.1804793786,7630.151804793785,1.0,461.4186838615148
100,400,0.25,4,1.0,0.4,2,1000,764963.622705962,7649.63622705962,1.0,467.5529461671098
100,400,0.25,4,1.0,0.4,3,1000,764737.6424922801,7647.376424922801,1.0,488.1054807252203
100,400,0.25,4,1.0,0.4,4,1000,759195.7400430705,7591.957400430705,1.0,459.3394638755773
100,400,0.25,4,1.0,0.4,5,1000,762375.3378993381,7623.753378993381,1.0,460.39742362410976
100,400,0.25,4,1.0,0.4,6,1000,765345.2927716866,7653.452927716866,1.0,459.60712060904325
100,400,0.25,4,1.0,0.4,7,1000,764374.4293829704,7643.7442938297045,1.0,493.85718774373373
100,400,0.25,4,1.0,0.4,8,1000,760945.1272276253,7609.451272276254,1.0,440.32671592369434
100,400,0.25,4,1.0,0.4,9,1000,764555.8531693873,7645.558531693873,1.0,455.346825669274
100,400,0.25,4,1.0,0.4,10,1000,763451.8923263721,7634.518923263721,1.0,463.1307384115518
100,400,0.25,4,1.0,0.4,11,1000,761412.4764217914,7614.124764217913,1.0,473.90157928231014
100,400,0.25,4,1.0,0.4,12,1000,766383.0112843416,7663.830112843416,1.0,478.5197372821814
100,400,0.25,4,1.0,0.4,13,1000,765916.3058764571,7659.163058764571,1.0,486.9942551408934
100,400,0.25,4,1.0,0.4,14,1000,758876.5693127132,7588.765693127132,1.0,480.1001261704267
100,400,0.25,4,1.0,0.4,15,1000,763329.3265274249,7633.293265274248,1.0,479.6292582519403
100,400,0.25,4,1.0,0.4,16,1000,764907.1391223224,7649.071391223224,1.0,477.0551659552481
100,400,0.25,4,1.0,0.4,17,1000,763108.0413360432,7631.0804133604315,1.0,454.13586986437645
100,400,0.25,4,1.0,0.4,18,1000,758761.5670786399,7587.615670786398,1.0,453.8514942308117
100,400,0.25,4,1.0,0.4,19,1000,761406.3741972124,7614.063741972124,1.0,452.83392280256857
100,400,0.25,4,1.0,0.4,20,1000,763658.2708845828,7636.582708845828,1.0,439.7251554931468
100,400,0.25,4,1.0,0.4,21,1000,764526.6963254453,7645.266963254453,1.0,444.22740241852676
100,400,0.25,4,1.0,0.4,22,1000,761937.4729213051,7619.374729213051,1.0,443.3928541949784
100,400,0.25,4,1.0,0.4,23,1000,761002.1155666151,7610.021155666152,1.0,441.7516631410194
100,400,0.25,4,1.0,0.4,24,1000,761662.7835528344,7616.627835528344,1.0,463.8534306827329
100,400,0.25,4,1.0,0.4,25,1000,759680.2325962945,7596.802325962944,1.0,478.4307115917302
100,400,0.25,4,1.0,0.4,26,1000,763638.7026195118,7636.387026195118,1.0,479.59881348089533
100,400,0.25,4,1.0,0.4,27,1000,762627.4286138497,7626.274286138497,1.0,493.39683028244093
100,400,0.25,4,1.0,0.4,28,1000,761031.763455411,7610.31763455411,1.0,463.22692695158236
100,400,0.25,4,1.0,0.4,29,1000,760498.0522243306,7604.980522243306,1.0,459.608792958446
100,400,0.25,4,1.0,0.4,30,1000,762884.5987748089,7628.845987748089,1.0,455.81388512144713
100,400,0.25,4,1.0,0.4,31,1000,762814.1506608549,7628.141506608549,1.0,465.4296185680778
100,400,0.25,4,1.0,0.4,32,1000,764405.898627312,7644.05898627312,1.0,441.39839049518434
100,400,0.25,4,1.0,0.4,33,1000,761105.3432623663,7611.053432623663,1.0,475.55929695935015
100,400,0.25,4,1.0,0.4,34,1000,761121.9812651931,7611.219812651931,1.0,439.3467252723579
100,400,0.25,4,1.0,0.4,35,1000,760256.1249598218,7602.561249598218,1.0,457.62269096056366
100,400,0.25,4,1.0,0.4,36,1000,763793.9711650409,7637.939711650409,1.0,469.52823760291454
100,400,0.25,4,1.0,0.4,37,1000,761905.6512019302,7619.056512019302,1.0,451.2451051647703
100,400,0.25,4,1.0,0.4,38,1000,761066.6725659209,7610.666725659208,1.0,454.65955014773726
100,400,0.25,4,1.0,0.4,39,1000,759564.6173064103,7595.646173064103,1.0,446.0688633108005
100,400,0.25,4,1.0,0.4,40,1000,767148.4893055479,7671.484893055479,1.0,497.41808240601404
100,400,0.25,4,1.0,0.4,41,1000,760226.8611197716,7602.268611197716,1.0,469.6913461702081
100,400,0.25,4,1.0,0.4,42,1000,763991.156229249,7639.91156229249,1.0,473.2134668720755
100,400,0.25,4,1.0,0.4,43,1000,763395.477514258,7633.95477514258,1.0,498.3769133302182
100,400,0.25,4,1.0,0.4,44,1000,759543.5027351233,7595.435027351233,1.0,446.3596606354429
100,400,0.25,4,1.0,0.4,45,1000,764649.6436868593,7646.496436868593,1.0,488.83052588547565
100,400,0.25,4,1.0,0.4,46,1000,761879.0352268583,7618.790352268584,1.0,476.0808951898848
100,400,0.25,4,1.0,0.4,47,1000,761858.8554199855,7618.588554199855,1.0,495.9476181926301
100,400,0.25,4,1.0,0.4,48,1000,760464.5647959068,7604.645647959068,1.0,455.39867689041563
100,400,0.25,4,1.0,0.4,49,1000,764782.5996794365,7647.825996794365,1.0,480.68705190928824
100,400,0.25,4,1.0,0.45,0,1000,724822.9118707036,7248.229118707036,1.0,381.0933960838457
100,400,0.25,4,1.0,0.45,1,1000,724136.2639006475,7241.362639006476,1.0,327.25774786205926
100,400,0.25,4,1.0,0.45,2,1000,729804.2712731764,7298.042712731764,1.0,400.69439107836865
100,400,0.25,4,1.0,0.45,3,1000,729025.4381952302,7290.254381952302,1.0,407.01604166164935
100,400,0.25,4,1.0,0.45,4,1000,726050.6015581251,7260.506015581251,1.0,383.39314831940555
100,400,0.25,4,1.0,0.45,5,1000,729179.630619888,7291.796306198879,1.0,375.4640817236065
100,400,0.25,4,1.0,0.45,6,1000,730189.1514744752,7301.8915147447515,1.0,396.39060658251157
100,400,0.25,4,1.0,0.45,7,1000,728014.2828192394,7280.1428281923945,1.0,343.47605665386874
100,400,0.25,4,1.0,0.45,8,1000,728275.327630416,7282.75327630416,1.0,380.27477586686473
100,400,0.25,4,1.0,0.45,9,1000,727033.9632785239,7270.339632785239,1.0,385.53573449502966
100,400,0.25,4,1.0,0.45,10,1000,725311.2020791116,7253.112020791116,1.0,378.96028621352383
100,400,0.25,4,1.0,0.45,11,1000,724611.5835705383,7246.115835705383,1.0,329.79197948057345
100,400,0.25,4,1.0,0.45,12,1000,725921.6516098924,7259.216516098923,1.0,377.84987111586906
100,400,0.25,4,1.0,0.45,13,1000,729228.7106019604,7292.287106019604,1.0,398.1954565421562
100,400,0.25,4,1.0,0.45,14,1000,726415.9126686839,7264.159126686839,1.0,346.4241733853507
100,400,0.25,4,1.0,0.45,15,1000,725521.5226145317,7255.215226145317,1.0,366.38262489290366
100,400,0.25,4,1.0,0.45,16,1000,729093.5169594964,7290.9351695949645,1.0,386.84689814172987
100,400,0.25,4,1.0,0.45,17,1000,728679.6093102546,7286.7960931025455,1.0,374.4924769110593
100,400,0.25,4,1.0,0.45,18,1000,729006.2264961504,7290.062264961503,1.0,377.25445286413543
100,400,0.25,4,1.0,0.45,19,1000,725692.1074505745,7256.921074505745,1.0,347.2652781162579
100,400,0.25,4,1.0,0.45,20,1000,726944.5919724745,7269.445919724745,1.0,385.33468635159267
100,400,0.25,4,1.0,0.45,21,1000,727597.0388584938,7275.970388584938,1.0,383.7475893153363
100,400,0.25,4,1.0,0.45,22,1000,729164.4269116106,7291.644269116106,1.0,399.57761058448637
100,400,0.25,4,1.0,0.45,23,1000,726704.4735205891,7267.044735205891,1.0,349.82750980752206
100,400,0.25,4,1.0,0.45,24,1000,724807.765903419,7248.07765903419,1.0,345.45528390057336
100,400,0.25,4,1.0,0.45,25,1000,726143.3416302694,7261.433416302694,1.0,373.5826624081733
100,400,0.25,4,1.0,0.45,26,1000,726790.983049867,7267.90983049867,1.0,371.9399729455169
100,400,0.25,4,1.0,0.45,27,1000,725696.8811795628,7256.9688117956275,1.0,361.3719528511189
100,400,0.25,4,1.0,0.45,28,1000,721590.0970856496,7215.900970856496,1.0,309.9586656240434
100,400,0.25,4,1.0,0.45,29,1000,724712.6637981472,7247.126637981472,1.0,332.48467091403535
100,400,0.25,4,1.0,0.45,30,1000,727144.9408232805,7271.449408232805,1.0,331.0551832799443
100,400,0.25,4,1.0,0.45,31,1000,725562.7283047318,7255.627283047318,1.0,370.4672232468389
100,400,0.25,4,1.0,0.45,32,1000,722489.3782011527,7224.893782011527,1.0,324.5757444859608
100,400,0.25,4,1.0,0.45,33,1000,727661.3663035572,7276.613663035572,1.0,344.78984648467906
100,400,0.25,4,1.0,0.45,34,1000,729888.6875863252,7298.8868758632525,1.0,363.3765721930871
100,400,0.25,4,1.0,0.45,35,1000,727259.0472846633,7272.590472846633,1.0,377.39451860118396
100,400,0.25,4,1.0,0.45,36,1000,726133.2107374306,7261.332107374306,1.0,364.91091120822324
100,400,0.25,4,1.0,0.45,37,1000,725248.6020440179,7252.486020440178,1.0,329.809386510888
100,400,0.25,4,1.0,0.45,38,1000,724098.7880598388,7240.987880598388,1.0,358.75514730497565
100,400,0.25,4,1.0,0.45,39,1000,727021.9102829854,7270.219102829854,1.0,374.56532245530167
100,400,0.25,4,1.0,0.45,40,1000,726516.9885540074,7265.169885540074,1.0,370.7405345395224
100,400,0.25,4,1.0,0.45,41,1000,729109.9203063787,7291.099203063787,1.0,388.988755250804
100,400,0.25,4,1.0,0.45,42,1000,729455.6056985087,7294.556056985087,1.0,369.5817239391023
100,400,0.25,4,1.0,0.45,43,1000,727894.865254127,7278.948652541269,1.0,376.89981812792854
100,400,0.25,4,1.0,0.45,44,1000,728241.3112589575,7282.413112589575,1.0,369.95535812332537
100,400,0.25,4,1.0,0.45,45,1000,727154.8062572195,7271.548062572195,1.0,371.73932019693007
100,400,0.25,4,1.0,0.45,46,1000,726501.7343895605,7265.017343895605,1.0,344.1873944589728
100,400,0.25,4,1.0,0.45,47,1000,726401.1259469142,7264.011259469142,1.0,372.54207817989436
100,400,0.25,4,1.0,0.45,48,1000,729137.9219538101,7291.379219538101,1.0,370.6245156439528
100,400,0.25,4,1.0,0.45,49,1000,725891.9987592433,7258.919987592433,1.0,385.7461496217767
100,400,0.25,4,1.0,0.5,0,1000,699000.7736654939,6990.007736654939,1.0,310.8200094853893
100,400,0.25,4,1.0,0.5,1,1000,697447.1620984636,6974.4716209846365,1.0,258.3294981779212
100,400,0.25,4,1.0,0.5,2,1000,695808.7799393801,6958.087799393801,1.0,242.62747911610776
100,400,0.25,4,1.0,0.5,3,1000,694380.5160112845,6943.805160112845,1.0,287.249350006317
100,400,0.25,4,1.0,0.5,4,1000,697005.1301663126,6970.051301663126,1.0,275.98458895496873
100,400,0.25,4,1.0,0.5,5,1000,695351.6215804791,6953.516215804791,1.0,268.3464319493294
100,400,0.25,4,1.0,0.5,6,1000,700339.8794034357,7003.398794034358,1.0,284.5396914275827
100,400,0.25,4,1.0,0.5,7,1000,696952.7314379015,6969.527314379015,1.0,263.6089029766146
100,400,0.25,4,1.0,0.5,8,1000,699009.7918563419,6990.097918563419,1.0,281.91057140872323
100,400,0.25,4,1.0,0.5,9,1000,699171.7092678432,6991.717092678432,1.0,242.5750423262448
100,400,0.25,4,1.0,0.5,10,1000,696273.5973578845,6962.735973578845,1.0,294.95140360760655
100,400,0.25,4,1.0,0.5,11,1000,697356.5839521727,6973.565839521727,1.0,278.2172945331416
100,400,0.25,4,1.0,0.5,12,1000,696663.1437085733,6966.631437085733,1.0,277.42238710230004
100,400,0.25,4,1.0,0.5,13,1000,698345.957090527,6983.45957090527,1.0,261.0136711567889
100,400,0.25,4,1.0,0.5,14,1000,694388.2268019702,6943.882268019702,1.0,232.92941340009745
100,400,0.25,4,1.0,0.5,15,1000,698013.4548633328,6980.1345486333275,1.0,296.63523772859503
100,400,0.25,4,1.0,0.5,16,1000,698986.108212972,6989.86108212972,1.0,280.44257542000094
100,400,0.25,4,1.0,0.5,17,1000,699366.4849811387,6993.664849811387,1.0,272.7513940075025
100,400,0.25,4,1.0,0.5,18,1000,700992.9561820249,7009.929561820249,1.0,307.0517533380782
100,400,0.25,4,1.0,0.5,19,1000,697219.9299716563,6972.199299716563,1.0,248.3498522156682
100,400,0.25,4,1.0,0.5,20,1000,695006.5283556391,6950.065283556391,1.0,277.7204168245442
100,400,0.25,4,1.0,0.5,21,1000,696206.9889580831,6962.069889580831,1.0,268.0874390674028
100,400,0.25,4,1.0,0.5,22,1000,700622.36292915,7006.2236292915,1.0,297.79038926085775
100,400,0.25,4,1.0,0.5,23,1000,697128.2830632965,6971.282830632965,1.0,283.8076470311283
100,400,0.25,4,1.0,0.5,24,1000,696705.1216919483,6967.051216919483,1.0,257.56336289873525
100,400,0.25,4,1.0,0.5,25,1000,698232.389637573,6982.32389637573,1.0,265.55432116849653
100,400,0.25,4,1.0,0.5,26,1000,697599.8206502405,6975.998206502405,1.0,267.4529817066627
100,400,0.25,4,1.0,0.5,27,1000,698504.3276814882,6985.043276814882,1.0,264.8367745010483
100,400,0.25,4,1.0,0.5,28,1000,699325.1271902501,6993.251271902501,1.0,264.3964334320438
100,400,0.25,4,1.0,0.5,29,1000,697951.2871405281,6979.512871405281,1.0,258.4667172021369
100,400,0.25,4,1.0,0.5,30,1000,699493.2710483255,6994.932710483255,1.0,251.00920903181313
100,400,0.25,4,1.0,0.5,31,1000,697078.8020026019,6970.788020026019,1.0,252.91260018825363
100,400,0.25,4,1.0,0.5,32,1000,697229.8327165984,6972.298327165984,1.0,238.56524914363882
100,400,0.25,4,1.0,0.5,33,1000,697560.5472191215,6975.605472191215,1.0,300.38912398676035
100,400,0.25,4,1.0,0.5,34,1000,697424.0763134393,6974.240763134393,1.0,265.56292804669414
100,400,0.25,4,1.0,0.5,35,1000,698005.4619892084,6980.054619892084,1.0,278.6788957066248
100,400,0.25,4,1.0,0.5,36,1000,698538.2704318571,6985.382704318571,1.0,265.42063078742206
100,400,0.25,4,1.0,0.5,37,1000,698476.9348784176,6984.769348784176,1.0,245.56465886074054
100,400,0.25,4,1.0,0.5,38,1000,698276.207002987,6982.76207002987,1.0,265.8411758120993
100,400,0.25,4,1.0,0.5,39,1000,695807.6749627625,6958.076749627625,1.0,258.0816921744415
100,400,0.25,4,1.0,0.5,40,1000,696788.7641574353,6967.8876415743525,1.0,271.42618208508134
100,400,0.25,4,1.0,0.5,41,1000,695254.9237755063,6952.549237755064,1.0,264.6635717945225
100,400,0.25,4,1.0,0.5,42,1000,698052.0169900276,6980.520169900276,1.0,268.3640454654476
100,400,0.25,4,1.0,0.5,43,1000,696533.5668842171,6965.335668842171,1.0,264.7937710579463
100,400,0.25,4,1.0,0.5,44,1000,695900.5208808525,6959.005208808525,1.0,258.1444282013641
100,400,0.25,4,1.0,0.5,45,1000,697722.3249114824,6977.223249114824,1.0,264.18304946894057
100,400,0.25,4,1.0,0.5,46,1000,697255.9495417337,6972.5594954173375,1.0,275.365585913079
100,400,0.25,4,1.0,0.5,47,1000,697499.2629687333,6974.992629687334,1.0,291.30896229579855
100,400,0.25,4,1.0,0.5,48,1000,695612.3904914794,6956.123904914794,1.0,254.18574185492355
100,400,0.25,4,1.0,0.5,49,1000,699854.1564760549,6998.54156476055,1.0,239.42098115029108
100,500,0.2,5,1.0,0.01,0,1000,804578.6401095421,8045.786401095421,0.743,1757.0094268382772
100,500,0.2,5,1.0,0.01,1,1000,778310.9487309689,7783.109487309689,0.825,1971.2620617048863
100,500,0.2,5,1.0,0.01,2,1000,774920.6158257619,7749.206158257619,0.652,1716.3960376596838
100,500,0.2,5,1.0,0.01,3,1000,800209.3703132495,8002.093703132496,0.952,1586.8976252781208
100,500,0.2,5,1.0,0.01,4,1000,806756.9787441745,8067.569787441745,0.514,1733.321825857646
100,500,0.2,5,1.0,0.01,5,1000,774215.4423174899,7742.1544231748985,0.805,1769.1972998996853
100,500,0.2,5,1.0,0.01,6,1000,801769.5021022867,8017.695021022867,0.873,1864.1197538389013
100,500,0.2,5,1.0,0.01,7,1000,786956.347864644,7869.56347864644,0.837,1863.2824016621616
100,500,0.2,5,1.0,0.01,8,1000,781530.7484125618,7815.307484125618,1.0,1875.6991560040938
100,500,0.2,5,1.0,0.01,9,1000,794540.657830741,7945.40657830741,0.995,1958.4508123264168
100,500,0.2,5,1.0,0.01,10,1000,799410.0797776656,7994.100797776656,0.673,1978.9584194355202
100,500,0.2,5,1.0,0.01,11,1000,748215.9351837906,7482.159351837906,0.756,1958.0123930272403
100,500,0.2,5,1.0,0.01,12,1000,791931.6196732778,7919.316196732779,0.882,1875.0267767911525
100,500,0.2,5,1.0,0.01,13,1000,788687.6116422745,7886.876116422745,0.999,1894.419531751598
100,500,0.2,5,1.0,0.01,14,1000,789130.368439659,7891.30368439659,0.907,1749.8263416606983
100,500,0.2,5,1.0,0.01,15,1000,784542.8469850775,7845.4284698507745,0.775,1714.0813249486835
100,500,0.2,5,1.0,0.01,16,1000,785049.7280594625,7850.497280594625,0.871,1881.2577739262993
100,500,0.2,5,1.0,0.01,17,1000,778452.0680427287,7784.520680427287,0.828,1938.3395703199099
100,500,0.2,5,1.0,0.01,18,1000,742858.1849484638,7428.581849484638,0.999,2067.16535168885
100,500,0.2,5,1.0,0.01,19,1000,758439.2028276145,7584.392028276145,0.974,2068.683426848679
100,500,0.2,5,1.0,0.01,20,1000,800660.7246401877,8006.607246401877,0.939,1838.434230143005
100,500,0.2,5,1.0,0.01,21,1000,767235.0036806434,7672.350036806434,0.999,1658.004560712276
100,500,0.2,5,1.0,0.01,22,1000,788870.5536307284,7888.705536307284,0.863,2000.3217210885853
100,500,0.2,5,1.0,0.01,23,1000,805070.9881528326,8050.709881528326,0.629,2083.057155210598
100,500,0.2,5,1.0,0.01,24,1000,799295.5849369584,7992.955849369584,0.725,1794.8138985017995
100,500,0.2,5,1.0,0.01,25,1000,799993.6561709895,7999.936561709895,0.996,1991.7016051559656
100,500,0.2,5,1.0,0.01,26,1000,791116.8489084513,7911.168489084513,0.915,1945.0361728391697
100,500,0.2,5,1.0,0.01,27,1000,776514.547847272,7765.14547847272,0.982,1841.6564894462938
100,500,0.2,5,1.0,0.01,28,1000,788564.1365975646,7885.641365975645,0.904,1867.9757777462523
100,500,0.2,5,1.0,0.01,29,1000,773435.6724769301,7734.356724769301,0.803,1936.7946334973758
100,500,0.2,5,1.0,0.01,30,1000,776746.1339200321,7767.46133920032,0.955,1936.565310608427
100,500,0.2,5,1.0,0.01,31,1000,794963.6279160822,7949.636279160822,0.849,1949.756227040468
100,500,0.2,5,1.0,0.01,32,1000,807255.9042125278,8072.559042125278,0.77,1996.5081352611105
100,500,0.2,5,1.0,0.01,33,1000,786988.5540960127,7869.885540960127,0.961,1983.1693334338145
100,500,0.2,5,1.0,0.01,34,1000,767169.2907640033,7671.692907640033,0.974,1782.3640359489189
100,500,0.2,5,1.0,0.01,35,1000,800874.7522942016,8008.747522942016,0.928,1925.8631809839517
100,500,0.2,5,1.0,0.01,36,1000,762788.4553876054,7627.884553876053,0.729,2051.374720064054
100,500,0.2,5,1.0,0.01,37,1000,796912.6193168318,7969.126193168318,0.879,1866.2278065431142
100,500,0.2,5,1.0,0.01,38,1000,809751.1897131428,8097.511897131428,0.899,1834.4830344322663
100,500,0.2,5,1.0,0.01,39,1000,785937.4102261305,7859.374102261305,0.835,1984.2626960033601
100,500,0.2,5,1.0,0.01,40,1000,791060.8032113326,7910.608032113327,0.694,1707.0205414322113
100,500,0.2,5,1.0,0.01,41,1000,774692.3926139879,7746.923926139879,0.946,2089.8765765177336
100,500,0.2,5,1.0,0.01,42,1000,803768.2404433505,8037.682404433505,0.953,1949.6837889744752
100,500,0.2,5,1.0,0.01,43,1000,770876.8999367927,7708.768999367927,0.704,1879.324319007709
100,500,0.2,5,1.0,0.01,44,1000,807225.7429574119,8072.257429574119,0.902,1804.8469654675962
100,500,0.2,5,1.0,0.01,45,1000,783141.8015177046,7831.418015177046,0.98,1852.2481083044586
100,500,0.2,5,1.0,0.01,46,1000,777993.3032352696,7779.9330323526965,1.0,1881.0826134008867
100,500,0.2,5,1.0,0.01,47,1000,769805.2969742403,7698.052969742404,0.983,1991.2513650070132
100,500,0.2,5,1.0,0.01,48,1000,771972.412547155,7719.724125471551,0.986,2000.3591308058094
100,500,0.2,5,1.0,0.01,49,1000,798857.8624548357,7988.578624548357,0.804,1760.6953621180412
100,500,0.2,5,1.0,0.02,0,1000,888152.7750612607,8881.527750612608,0.602,1452.2214585945342
100,500,0.2,5,1.0,0.02,1,1000,898013.4691474258,8980.134691474259,0.786,1313.9293292689613
100,500,0.2,5,1.0,0.02,2,1000,903583.206930024,9035.832069300239,0.521,1351.7713721979246
100,500,0.2,5,1.0,0.02,3,1000,904802.6824913338,9048.026824913339,0.583,1313.6253299685798
100,500,0.2,5,1.0,0.02,4,1000,886492.5571207076,8864.925571207075,0.613,1362.1168460545357
100,500,0.2,5,1.0,0.02,5,1000,878493.8006086638,8784.938006086639,0.939,1523.365954529978
100,500,0.2,5,1.0,0.02,6,1000,898970.6199284198,8989.7061992842,0.875,1406.347253412043
100,500,0.2,5,1.0,0.02,7,1000,892582.2662547334,8925.822662547334,0.569,1385.5319803798852
100,500,0.2,5,1.0,0.02,8,1000,910960.9503052933,9109.609503052932,0.626,1305.5786732660588
100,500,0.2,5,1.0,0.02,9,1000,897178.8983030783,8971.788983030783,0.523,1326.0132078381362
100,500,0.2,5,1.0,0.02,10,1000,906968.8948890616,9069.688948890616,0.594,1271.914907282116
100,500,0.2,5,1.0,0.02,11,1000,879003.8855555052,8790.038855555053,0.755,1386.394910951761
100,500,0.2,5,1.0,0.02,12,1000,901165.4368213881,9011.65436821388,0.596,1333.6504640817866
100,500,0.2,5,1.0,0.02,13,1000,899170.8927087418,8991.708927087418,0.58,1329.5411355247134
100,500,0.2,5,1.0,0.02,14,1000,898333.048868988,8983.330488689879,0.49,1238.5213976887376
100,500,0.2,5,1.0,0.02,15,1000,886643.2736922979,8866.43273692298,0.619,1471.8620347825122
100,500,0.2,5,1.0,0.02,16,1000,894033.7718887426,8940.337718887426,0.529,1404.6333959710494
100,500,0.2,5,1.0,0.02,17,1000,901680.1193054856,9016.801193054856,0.533,1276.697120848457
100,500,0.2,5,1.0,0.02,18,1000,905097.0816561941,9050.970816561941,0.505,1323.9922033709267
100,500,0.2,5,1.0,0.02,19,1000,892672.9330488106,8926.729330488106,0.685,1361.8147308113405
100,500,0.2,5,1.0,0.02,20,1000,897696.956494684,8976.96956494684,0.572,1286.633138325877
100,500,0.2,5,1.0,0.02,21,1000,882641.4924919305,8826.414924919305,0.632,1276.62559464401
100,500,0.2,5,1.0,0.02,22,1000,885912.184792544,8859.12184792544,0.655,1377.4389469896835
100,500,0.2,5,1.0,0.02,23,1000,907939.0507109886,9079.390507109885,0.609,1397.4023669102355
100,500,0.2,5,1.0,0.02,24,1000,898608.8089346908,8986.088089346908,0.62,1370.194766372031
100,500,0.2,5,1.0,0.02,25,1000,886146.7708034229,8861.46770803423,0.605,1424.5372069054933
100,500,0.2,5,1.0,0.02,26,1000,897000.6784189147,8970.006784189147,0.661,1423.6444575517833
100,500,0.2,5,1.0,0.02,27,1000,901950.6531452097,9019.506531452096,0.523,1307.3338509844955
100,500,0.2,5,1.0,0.02,28,1000,903236.8159652178,9032.368159652178,0.635,1309.4168974285865
100,500,0.2,5,1.0,0.02,29,1000,881366.5040378275,8813.665040378275,0.765,1365.0975259339086
100,500,0.2,5,1.0,0.02,30,1000,903113.5590967679,9031.135590967679,0.471,1351.1382613366143
100,500,0.2,5,1.0,0.02,31,1000,894929.4592044913,8949.294592044913,0.734,1535.5740036728962
100,500,0.2,5,1.0,0.02,32,1000,916280.5051273857,9162.805051273857,0.673,1295.1013387721969
100,500,0.2,5,1.0,0.02,33,1000,899770.7003987428,8997.707003987429,0.596,1275.1596878345522
100,500,0.2,5,1.0,0.02,34,1000,879559.1170149207,8795.591170149208,0.688,1283.717639985438
100,500,0.2,5,1.0,0.02,35,1000,900160.6447047925,9001.606447047925,0.762,1468.654603760093
100,500,0.2,5,1.0,0.02,36,1000,880797.4506076701,8807.974506076702,0.594,1538.0660345440378
100,500,0.2,5,1.0,0.02,37,1000,901119.8506353374,9011.198506353374,0.633,1459.062671002945
100,500,0.2,5,1.0,0.02,38,1000,897815.6333228447,8978.156333228448,0.673,1450.152400910664
100,500,0.2,5,1.0,0.02,39,1000,892771.1695329282,8927.71169532928,0.597,1383.5317612103368
100,500,0.2,5,1.0,0.02,40,1000,889183.9961032093,8891.839961032094,0.675,1478.4281061367494
100,500,0.2,5,1.0,0.02,41,1000,893122.4054983875,8931.224054983875,0.625,1400.0266888114916
100,500,0.2,5,1.0,0.02,42,1000,889935.2058399527,8899.352058399527,0.717,1504.3642427760303
100,500,0.2,5,1.0,0.02,43,1000,897290.8544098141,8972.908544098142,0.568,1359.4024396573268
100,500,0.2,5,1.0,0.02,44,1000,908838.5553539309,9088.385553539309,0.555,1430.2464788598934
100,500,0.2,5,1.0,0.02,45,1000,894500.8206822288,8945.008206822287,0.52,1323.4346700582812
100,500,0.2,5,1.0,0.02,46,1000,896416.0345367903,8964.160345367904,0.535,1318.2106043198148
100,500,0.2,5,1.0,0.02,47,1000,886135.4718205087,8861.354718205088,0.511,1514.9933366056198
100,500,0.2,5,1.0,0.02,48,1000,902463.8972382325,9024.638972382325,0.688,1385.3047100619413
100,500,0.2,5,1.0,0.02,49,1000,893675.4893170916,8936.754893170917,0.523,1297.078880819079
100,500,0.2,5,1.0,0.03,0,1000,943801.1881911973,9438.011881911974,0.607,1110.4615225622647
100,500,0.2,5,1.0,0.03,1,1000,940678.7424069722,9406.787424069722,0.573,1081.1351873082788
100,500,0.2,5,1.0,0.03,2,1000,947240.1408940156,9472.401408940155,0.579,1106.0633785735704
100,500,0.2,5,1.0,0.03,3,1000,936492.1572380892,9364.921572380892,0.665,1155.3894608336195
100,500,0.2,5,1.0,0.03,4,1000,927816.0158502295,9278.160158502295,0.635,1215.714049086249
100,500,0.2,5,1.0,0.03,5,1000,943069.2470507569,9430.692470507569,0.726,1098.074636366673
100,500,0.2,5,1.0,0.03,6,1000,944274.3952542073,9442.743952542072,0.627,1156.6886885162871
100,500,0.2,5,1.0,0.03,7,1000,931079.3069300981,9310.79306930098,0.648,1201.0426583703565
100,500,0.2,5,1.0,0.03,8,1000,929792.1235112621,9297.92123511262,0.651,1265.315885535708
100,500,0.2,5,1.0,0.03,9,1000,935609.3135532066,9356.093135532066,0.747,1190.586887675725
100,500,0.2,5,1.0,0.03,10,1000,923876.0389145125,9238.760389145125,0.592,1215.4143613833285
100,500,0.2,5,1.0,0.03,11,1000,938676.3456083674,9386.763456083674,0.524,1126.4151518225121
100,500,0.2,5,1.0,0.03,12,1000,934943.3966560524,9349.433966560524,0.634,1135.0741241921805
100,500,0.2,5,1.0,0.03,13,1000,946995.7256885838,9469.957256885838,0.568,1232.3847890287295
100,500,0.2,5,1.0,0.03,14,1000,932339.8476284391,9323.39847628439,0.66,1111.9396772416133
100,500,0.2,5,1.0,0.03,15,1000,929799.1995817822,9297.991995817822,0.601,1125.376639924906
100,500,0.2,5,1.0,0.03,16,1000,932337.222504499,9323.37222504499,0.773,1162.55808948681
100,500,0.2,5,1.0,0.03,17,1000,946728.3781417744,9467.283781417744,0.596,1149.8929309042771
100,500,0.2,5,1.0,0.03,18,1000,941967.0441681716,9419.670441681716,0.59,1129.5697425343533
100,500,0.2,5,1.0,0.03,19,1000,929390.7995570826,9293.907995570826,0.632,1089.0417495461472
100,500,0.2,5,1.0,0.03,20,1000,949652.4584416368,9496.524584416367,0.646,1112.7287538557666
100,500,0.2,5,1.0,0.03,21,1000,926093.0638866749,9260.93063886675,0.607,1256.0200857775494
100,500,0.2,5,1.0,0.03,22,1000,933341.0146274527,9333.410146274528,0.582,1304.68864914971
100,500,0.2,5,1.0,0.03,23,1000,940994.7177681415,9409.947177681415,0.585,1194.5200600069002
100,500,0.2,5,1.0,0.03,24,1000,938852.5865854531,9388.525865854532,0.615,1133.347196465499
100,500,0.2,5,1.0,0.03,25,1000,940881.8935918715,9408.818935918714,0.677,1180.4637272707364
100,500,0.2,5,1.0,0.03,26,1000,941160.2872272795,9411.602872272795,0.576,1104.6127137726623
100,500,0.2,5,1.0,0.03,27,1000,924833.3164878461,9248.33316487846,0.734,1253.2106713336354
100,500,0.2,5,1.0,0.03,28,1000,936359.550890956,9363.595508909559,0.676,1194.1294371230774
100,500,0.2,5,1.0,0.03,29,1000,933476.4367404719,9334.76436740472,0.69,1272.5178802870037
100,500,0.2,5,1.0,0.03,30,1000,933559.2953959518,9335.592953959518,0.7,1180.4770599454134
100,500,0.2,5,1.0,0.03,31,1000,932973.3911413515,9329.733911413516,0.664,1233.2035303493044
100,500,0.2,5,1.0,0.03,32,1000,938579.640544466,9385.79640544466,0.618,1165.8033341227188
100,500,0.2,5,1.0,0.03,33,1000,939427.3634111767,9394.273634111767,0.594,1271.5115859655696
100,500,0.2,5,1.0,0.03,34,1000,938550.6182244264,9385.506182244264,0.591,1066.8754903732397
100,500,0.2,5,1.0,0.03,35,1000,940677.1756019316,9406.771756019316,0.58,1113.7051422050602
100,500,0.2,5,1.0,0.03,36,1000,944310.0595378602,9443.100595378603,0.715,1288.309284099476
100,500,0.2,5,1.0,0.03,37,1000,942734.7541441381,9427.34754144138,0.566,1074.9610222451727
100,500,0.2,5,1.0,0.03,38,1000,940138.8760676938,9401.388760676939,0.541,1196.9551661625549
100,500,0.2,5,1.0,0.03,39,1000,938685.318424698,9386.85318424698,0.618,1120.256790426876
100,500,0.2,5,1.0,0.03,40,1000,937270.594969651,9372.70594969651,0.687,1189.9486162893782
100,500,0.2,5,1.0,0.03,41,1000,926868.9770451846,9268.689770451845,0.635,1240.693678567091
100,500,0.2,5,1.0,0.03,42,1000,939645.963567029,9396.45963567029,0.601,1132.2934412438303
100,500,0.2,5,1.0,0.03,43,1000,938778.620772532,9387.78620772532,0.596,1107.045747367804
100,500,0.2,5,1.0,0.03,44,1000,937084.376768466,9370.843767684659,0.721,1092.5921141329682
100,500,0.2,5,1.0,0.03,45,1000,940924.1597910549,9409.24159791055,0.63,1120.4753632171703
100,500,0.2,5,1.0,0.03,46,1000,944587.4134624075,9445.874134624075,0.566,1108.5048207376196
100,500,0.2,5,1.0,0.03,47,1000,939294.5068160583,9392.945068160583,0.555,1076.2121700972423
100,500,0.2,5,1.0,0.03,48,1000,938448.902409893,9384.48902409893,0.637,1116.0615760836997
100,500,0.2,5,1.0,0.03,49,1000,939369.8733511119,9393.698733511119,0.732,1149.0457550656902
100,500,0.2,5,1.0,0.04,0,1000,953973.0161100015,9539.730161100015,0.657,1084.8843768627958
100,500,0.2,5,1.0,0.04,1,1000,951289.9667096948,9512.899667096948,0.619,1147.259804371083
100,500,0.2,5,1.0,0.04,2,1000,961018.5451576798,9610.1854515768,0.613,987.4783654359283
100,500,0.2,5,1.0,0.04,3,1000,959556.1046892565,9595.561046892566,0.603,1016.7581664082356
100,500,0.2,5,1.0,0.04,4,1000,956475.0824652963,9564.750824652963,0.634,1089.9827879104423
100,500,0.2,5,1.0,0.04,5,1000,964209.9605882361,9642.09960588236,0.645,969.5295829509425
100,500,0.2,5,1.0,0.04,6,1000,960801.4439801686,9608.014439801686,0.613,991.4073071951055
100,500,0.2,5,1.0,0.04,7,1000,951267.3763103106,9512.673763103106,0.675,1103.2765103895674
100,500,0.2,5,1.0,0.04,8,1000,956257.1426442073,9562.571426442073,0.65,1114.3672892810882
100,500,0.2,5,1.0,0.04,9,1000,956668.2774122412,9566.682774122412,0.687,1069.5560375629705
100,500,0.2,5,1.0,0.04,10,1000,962171.5738777649,9621.715738777648,0.676,1015.004612024232
100,500,0.2,5,1.0,0.04,11,1000,952006.6797865026,9520.066797865025,0.623,1064.151058641608
100,500,0.2,5,1.0,0.04,12,1000,949578.5914314914,9495.785914314914,0.658,1104.987988378099
100,500,0.2,5,1.0,0.04,13,1000,956164.8369493751,9561.64836949375,0.651,1060.383045215693
100,500,0.2,5,1.0,0.04,14,1000,960333.7455317145,9603.337455317145,0.698,1046.8651941727733
100,500,0.2,5,1.0,0.04,15,1000,964320.4547228684,9643.204547228685,0.721,1052.2524516275255
100,500,0.2,5,1.0,0.04,16,1000,958611.8172485376,9586.118172485376,0.659,1034.3950884381045
100,500,0.2,5,1.0,0.04,17,1000,965116.88348284,9651.1688348284,0.669,990.481163932977
100,500,0.2,5,1.0,0.04,18,1000,947074.5858251168,9470.745858251168,0.675,1238.088810202991
100,500,0.2,5,1.0,0.04,19,1000,948662.2076552933,9486.622076552932,0.665,1037.840957337538
100,500,0.2,5,1.0,0.04,20,1000,959115.0784310484,9591.150784310485,0.652,970.1209646961714
100,500,0.2,5,1.0,0.04,21,1000,954260.7098933505,9542.607098933506,0.645,1033.0401973530782
100,500,0.2,5,1.0,0.04,22,1000,958922.5211823257,9589.225211823257,0.73,956.6698070172098
100,500,0.2,5,1.0,0.04,23,1000,954972.527594374,9549.72527594374,0.729,1022.9579548086376
100,500,0.2,5,1.0,0.04,24,1000,947986.5038028469,9479.865038028469,0.617,1050.190514789916
100,500,0.2,5,1.0,0.04,25,1000,955896.7376413966,9558.967376413966,0.69,1065.520938799477
100,500,0.2,5,1.0,0.04,26,1000,956865.9447209223,9568.659447209222,0.672,1066.7071626041748
100,500,0.2,5,1.0,0.04,27,1000,950943.1504889813,9509.431504889813,0.669,1061.0908309466172
100,500,0.2,5,1.0,0.04,28,1000,961107.2134696438,9611.072134696438,0.63,1016.1618524802229
100,500,0.2,5,1.0,0.04,29,1000,967519.6532243539,9675.196532243539,0.587,1058.8889557987063
100,500,0.2,5,1.0,0.04,30,1000,956107.874637596,9561.078746375959,0.656,1112.2679274935506
100,500,0.2,5,1.0,0.04,31,1000,954966.9235095563,9549.669235095564,0.705,1010.351742033425
100,500,0.2,5,1.0,0.04,32,1000,960486.7124994934,9604.867124994933,0.61,1065.3914409196796
100,500,0.2,5,1.0,0.04,33,1000,961935.3504493686,9619.353504493685,0.655,1015.2049763259943
100,500,0.2,5,1.0,0.04,34,1000,951835.5755053128,9518.355755053128,0.636,1004.6417926097156
100,500,0.2,5,1.0,0.04,35,1000,949161.6332538815,9491.616332538815,0.693,1096.4262737355355
100,500,0.2,5,1.0,0.04,36,1000,959324.3908507961,9593.24390850796,0.679,1051.6104707294437
100,500,0.2,5,1.0,0.04,37,1000,950762.0604237791,9507.62060423779,0.714,1055.0682874461602
100,500,0.2,5,1.0,0.04,38,1000,966026.0135836387,9660.260135836386,0.681,946.6086727529711
100,500,0.2,5,1.0,0.04,39,1000,948068.6318317277,9480.686318317277,0.731,1102.7923193105803
100,500,0.2,5,1.0,0.04,40,1000,950026.602197743,9500.26602197743,0.625,1094.1292262996037
100,500,0.2,5,1.0,0.04,41,1000,951144.9717473866,9511.449717473866,0.722,1110.3228973685862
100,500,0.2,5,1.0,0.04,42,1000,961808.1765912969,9618.08176591297,0.604,967.5277831995108
100,500,0.2,5,1.0,0.04,43,1000,949597.4515906787,9495.974515906786,0.687,994.8708427458565
100,500,0.2,5,1.0,0.04,44,1000,959363.9017333463,9593.639017333462,0.707,1045.8110325837392
100,500,0.2,5,1.0,0.04,45,1000,951435.5862805588,9514.355862805589,0.652,1043.9994643078603
100,500,0.2,5,1.0,0.04,46,1000,964575.4049658714,9645.754049658713,0.61,986.7792770869164
100,500,0.2,5,1.0,0.04,47,1000,963931.1982561495,9639.311982561496,0.589,1037.5291441915024
100,500,0.2,5,1.0,0.04,48,1000,957589.3118331273,9575.893118331272,0.676,1012.3635016542991
100,500,0.2,5,1.0,0.04,49,1000,949938.6176360804,9499.386176360804,0.685,1067.8395305483546
100,500,0.2,5,1.0,0.05,0,1000,971213.9990742736,9712.139990742737,0.696,910.1306182713831
100,500,0.2,5,1.0,0.05,1,1000,966288.2149313628,9662.882149313627,0.685,1012.5930134293762
100,500,0.2,5,1.0,0.05,2,1000,969172.1073852404,9691.721073852405,0.694,951.604548647146
100,500,0.2,5,1.0,0.05,3,1000,960506.2218409533,9605.062218409534,0.689,958.11633556194
100,500,0.2,5,1.0,0.05,4,1000,959926.4166379201,9599.2641663792,0.735,946.0966029162572
100,500,0.2,5,1.0,0.05,5,1000,973626.2658906295,9736.262658906295,0.688,936.9008094064723
100,500,0.2,5,1.0,0.05,6,1000,973205.451835062,9732.05451835062,0.725,949.7000460579375
100,500,0.2,5,1.0,0.05,7,1000,968221.8062941674,9682.218062941674,0.684,915.7111166591374
100,500,0.2,5,1.0,0.05,8,1000,969732.4987578562,9697.324987578562,0.689,949.585093050283
100,500,0.2,5,1.0,0.05,9,1000,962350.512122449,9623.50512122449,0.733,1031.3757503529685
100,500,0.2,5,1.0,0.05,10,1000,966287.3660049699,9662.8736600497,0.713,1027.9571115790995
100,500,0.2,5,1.0,0.05,11,1000,963181.844472993,9631.81844472993,0.681,972.716134662688
100,500,0.2,5,1.0,0.05,12,1000,956246.7691781437,9562.467691781438,0.718,965.1994324908467
100,500,0.2,5,1.0,0.05,13,1000,971337.164863056,9713.37164863056,0.712,956.9526091393153
100,500,0.2,5,1.0,0.05,14,1000,969642.0992532367,9696.420992532367,0.745,919.0567725604301
100,500,0.2,5,1.0,0.05,15,1000,971023.2246540773,9710.232246540772,0.701,996.9622964740611
100,500,0.2,5,1.0,0.05,16,1000,969405.6388364335,9694.056388364335,0.702,873.3459041527303
100,500,0.2,5,1.0,0.05,17,1000,966124.1332409505,9661.241332409505,0.738,993.5605782774994
100,500,0.2,5,1.0,0.05,18,1000,968510.4427980892,9685.104427980892,0.739,949.7451424913556
100,500,0.2,5,1.0,0.05,19,1000,959492.3425052629,9594.92342505263,0.714,957.2689860783418
100,500,0.2,5,1.0,0.05,20,1000,970095.3470101394,9700.953470101394,0.694,870.9006283742955
100,500,0.2,5,1.0,0.05,21,1000,970002.7986060751,9700.027986060752,0.698,940.7022731088863
100,500,0.2,5,1.0,0.05,22,1000,970421.0558976826,9704.210558976825,0.72,898.3930751476743
100,500,0.2,5,1.0,0.05,23,1000,967359.1868306983,9673.591868306983,0.705,916.5722230044003
100,500,0.2,5,1.0,0.05,24,1000,964319.982756034,9643.19982756034,0.706,890.8765444973219
100,500,0.2,5,1.0,0.05,25,1000,959982.6989376866,9599.826989376867,0.688,1089.4347528079365
100,500,0.2,5,1.0,0.05,26,1000,963048.5452470642,9630.485452470642,0.714,984.1429115707488
100,500,0.2,5,1.0,0.05,27,1000,961357.8342869311,9613.57834286931,0.737,980.4531713234081
100,500,0.2,5,1.0,0.05,28,1000,968901.7989767003,9689.017989767002,0.721,934.4467867295302
100,500,0.2,5,1.0,0.05,29,1000,971715.677290383,9717.15677290383,0.721,937.3327606871504
100,500,0.2,5,1.0,0.05,30,1000,973902.5827125376,9739.025827125377,0.669,961.9058066206702
100,500,0.2,5,1.0,0.05,31,1000,970223.3200965562,9702.233200965562,0.666,913.4951934730507
100,500,0.2,5,1.0,0.05,32,1000,967402.0284655078,9674.020284655078,0.742,957.2938997118964
100,500,0.2,5,1.0,0.05,33,1000,964215.0686609739,9642.150686609739,0.695,1018.6706244735976
100,500,0.2,5,1.0,0.05,34,1000,967762.8973056979,9677.628973056979,0.676,988.235796333505
100,500,0.2,5,1.0,0.05,35,1000,964727.3253715556,9647.273253715557,0.7,963.9241437842805
100,500,0.2,5,1.0,0.05,36,1000,963698.8989958805,9636.988989958805,0.708,991.3644686433951
100,500,0.2,5,1.0,0.05,37,1000,962058.3554643347,9620.583554643346,0.698,947.8511701531745
100,500,0.2,5,1.0,0.05,38,1000,970757.891997994,9707.57891997994,0.693,1013.848387523112
100,500,0.2,5,1.0,0.05,39,1000,964126.8178181414,9641.268178181414,0.692,944.1762547898237
100,500,0.2,5,1.0,0.05,40,1000,970760.473966884,9707.60473966884,0.671,944.5353404973091
100,500,0.2,5,1.0,0.05,41,1000,966419.8381911308,9664.198381911308,0.689,940.5428523565826
100,500,0.2,5,1.0,0.05,42,1000,969905.546255216,9699.05546255216,0.739,948.3046665191366
100,500,0.2,5,1.0,0.05,43,1000,963735.2974598971,9637.35297459897,0.713,987.0192321919122
100,500,0.2,5,1.0,0.05,44,1000,967967.7837696329,9679.677837696328,0.723,991.5242870654045
100,500,0.2,5,1.0,0.05,45,1000,957003.0255908252,9570.030255908252,0.713,1014.4124833534152
100,500,0.2,5,1.0,0.05,46,1000,960959.737454106,9609.59737454106,0.739,988.6784344685805
100,500,0.2,5,1.0,0.05,47,1000,965266.2038996753,9652.662038996752,0.747,1014.9707121557409
100,500,0.2,5,1.0,0.05,48,1000,968398.7414944337,9683.987414944337,0.714,989.8861581839576
100,500,0.2,5,1.0,0.05,49,1000,959107.8462936326,9591.078462936326,0.702,941.5117433594808
100,500,0.2,5,1.0,0.06,0,1000,974796.0974704601,9747.960974704602,0.722,831.1533779893992
100,500,0.2,5,1.0,0.06,1,1000,967455.7784511084,9674.557784511084,0.77,856.506458191906
100,500,0.2,5,1.0,0.06,2,1000,972687.3767611982,9726.873767611982,0.721,913.0111700031431
100,500,0.2,5,1.0,0.06,3,1000,974076.9334211369,9740.769334211369,0.725,890.4489462886875
100,500,0.2,5,1.0,0.06,4,1000,966801.6544773681,9668.016544773682,0.779,907.3727689598011
100,500,0.2,5,1.0,0.06,5,1000,976841.9829764555,9768.419829764554,0.705,928.9345895108764
100,500,0.2,5,1.0,0.06,6,1000,972195.9387167556,9721.959387167555,0.739,884.5654884900755
100,500,0.2,5,1.0,0.06,7,1000,964698.1426802492,9646.981426802491,0.775,948.7994182723269
100,500,0.2,5,1.0,0.06,8,1000,971834.347773268,9718.34347773268,0.73,837.4348101496055
100,500,0.2,5,1.0,0.06,9,1000,972851.5007651807,9728.515007651808,0.709,840.2844570297397
100,500,0.2,5,1.0,0.06,10,1000,975500.8810746131,9755.00881074613,0.771,935.115166656331
100,500,0.2,5,1.0,0.06,11,1000,965368.4116994282,9653.684116994282,0.713,886.4167503234439
100,500,0.2,5,1.0,0.06,12,1000,965358.3320030714,9653.583320030715,0.778,902.9489589217812
100,500,0.2,5,1.0,0.06,13,1000,964916.2055137581,9649.162055137582,0.803,908.8699987865061
100,500,0.2,5,1.0,0.06,14,1000,978250.2546258131,9782.50254625813,0.741,915.2458030405669
100,500,0.2,5,1.0,0.06,15,1000,974220.9982237467,9742.209982237466,0.733,887.6489491055893
100,500,0.2,5,1.0,0.06,16,1000,968232.4320220229,9682.324320220228,0.746,911.5021352758923
100,500,0.2,5,1.0,0.06,17,1000,967145.0155475351,9671.450155475351,0.775,909.1199686542662
100,500,0.2,5,1.0,0.06,18,1000,973571.7898449263,9735.717898449264,0.771,848.1295594402168
100,500,0.2,5,1.0,0.06,19,1000,970941.4445720692,9709.414445720693,0.782,871.2842824754902
100,500,0.2,5,1.0,0.06,20,1000,973865.9820428464,9738.659820428464,0.798,892.4477719666816
100,500,0.2,5,1.0,0.06,21,1000,978089.8773355081,9780.898773355082,0.749,849.1567449944133
100,500,0.2,5,1.0,0.06,22,1000,967836.4881294991,9678.36488129499,0.75,897.6754974999752
100,500,0.2,5,1.0,0.06,23,1000,971127.3722481341,9711.27372248134,0.749,848.366970267142
100,500,0.2,5,1.0,0.06,24,1000,965161.9857444775,9651.619857444775,0.73,898.1598180885833
100,500,0.2,5,1.0,0.06,25,1000,974506.5736121662,9745.065736121662,0.707,894.9271297933234
100,500,0.2,5,1.0,0.06,26,1000,970133.1686112282,9701.331686112282,0.76,962.0991133885459
100,500,0.2,5,1.0,0.06,27,1000,966352.7731963653,9663.527731963653,0.786,899.2152081539427
100,500,0.2,5,1.0,0.06,28,1000,974855.2574285067,9748.552574285068,0.755,885.4363602290639
100,500,0.2,5,1.0,0.06,29,1000,974425.3774588197,9744.253774588196,0.756,909.1611660894732
100,500,0.2,5,1.0,0.06,30,1000,971737.1788860697,9717.371788860697,0.746,885.061973669642
100,500,0.2,5,1.0,0.06,31,1000,973984.7784320433,9739.847784320433,0.728,908.8397394838519
100,500,0.2,5,1.0,0.06,32,1000,977532.4135766685,9775.324135766685,0.747,851.9700718620364
100,500,0.2,5,1.0,0.06,33,1000,966429.546840614,9664.29546840614,0.773,915.4306512495588
100,500,0.2,5,1.0,0.06,34,1000,971210.3144393631,9712.10314439363,0.751,912.8047942938379
100,500,0.2,5,1.0,0.06,35,1000,972256.8690189356,9722.568690189357,0.752,920.2300923881828
100,500,0.2,5,1.0,0.06,36,1000,973311.8542009647,9733.118542009646,0.752,892.347146380744
100,500,0.2,5,1.0,0.06,37,1000,969918.5799799217,9699.185799799217,0.733,858.8059042920576
100,500,0.2,5,1.0,0.06,38,1000,977407.9703047116,9774.079703047117,0.743,936.7028665860053
100,500,0.2,5,1.0,0.06,39,1000,968684.7071657168,9686.847071657168,0.728,929.7662375998096
100,500,0.2,5,1.0,0.06,40,1000,975548.3803129157,9755.483803129157,0.739,828.2858096122499
100,500,0.2,5,1.0,0.06,41,1000,970212.7837955728,9702.127837955728,0.766,900.8484908921495
100,500,0.2,5,1.0,0.06,42,1000,973244.3210288594,9732.443210288593,0.772,848.789666629581
100,500,0.2,5,1.0,0.06,43,1000,971665.9886694867,9716.659886694868,0.718,940.4492591253788
100,500,0.2,5,1.0,0.06,44,1000,975734.6959267495,9757.346959267496,0.775,869.7393326290425
100,500,0.2,5,1.0,0.06,45,1000,973519.6045052363,9735.196045052362,0.784,919.7076672622392
100,500,0.2,5,1.0,0.06,46,1000,972081.2952827987,9720.812952827988,0.72,860.6604208810149
100,500,0.2,5,1.0,0.06,47,1000,967082.4359021299,9670.824359021299,0.76,897.2828451504535
100,500,0.2,5,1.0,0.06,48,1000,970892.9797397397,9708.929797397397,0.782,940.748796777561
100,500,0.2,5,1.0,0.06,49,1000,972869.5267738585,9728.695267738585,0.742,947.5203358733543
100,500,0.2,5,1.0,0.07,0,1000,967393.870952307,9673.93870952307,0.788,860.934996027216
100,500,0.2,5,1.0,0.07,1,1000,971844.9493897214,9718.449493897213,0.802,802.8681575849477
100,500,0.2,5,1.0,0.07,2,1000,973151.2505920307,9731.512505920307,0.776,869.4101691822289
100,500,0.2,5,1.0,0.07,3,1000,977395.8512281353,9773.958512281353,0.793,810.5528559735963
100,500,0.2,5,1.0,0.07,4,1000,970065.6960994432,9700.656960994433,0.796,843.7225089571924
100,500,0.2,5,1.0,0.07,5,1000,970680.1327522428,9706.80132752243,0.798,868.2316106018781
100,500,0.2,5,1.0,0.07,6,1000,976355.7469991684,9763.557469991683,0.798,854.0389752158013
100,500,0.2,5,1.0,0.07,7,1000,974789.0177949875,9747.890177949876,0.781,809.0424206420171
100,500,0.2,5,1.0,0.07,8,1000,967415.8691413209,9674.15869141321,0.77,869.93305288044
100,500,0.2,5,1.0,0.07,9,1000,980525.0013649887,9805.250013649887,0.787,861.220727374978
100,500,0.2,5,1.0,0.07,10,1000,975479.5496406192,9754.795496406192,0.792,872.9504871607194
100,500,0.2,5,1.0,0.07,11,1000,965890.7514834938,9658.907514834938,0.811,919.7367498558943
100,500,0.2,5,1.0,0.07,12,1000,973085.8163675197,9730.858163675197,0.778,796.6917313902374
100,500,0.2,5,1.0,0.07,13,1000,970004.0204907495,9700.040204907495,0.781,810.4730208216198
100,500,0.2,5,1.0,0.07,14,1000,972289.5710884655,9722.895710884655,0.792,907.3442393648519
100,500,0.2,5,1.0,0.07,15,1000,967647.9055240976,9676.479055240976,0.804,859.9875772591498
100,500,0.2,5,1.0,0.07,16,1000,967717.8887026993,9677.178887026994,0.776,865.960280451407
100,500,0.2,5,1.0,0.07,17,1000,976089.3448497074,9760.893448497074,0.792,755.4124374055142
100,500,0.2,5,1.0,0.07,18,1000,974234.0303007364,9742.340303007364,0.763,811.5261016439808
100,500,0.2,5,1.0,0.07,19,1000,972440.8559130984,9724.408559130985,0.803,836.0747353603603
100,500,0.2,5,1.0,0.07,20,1000,973945.5332781048,9739.455332781048,0.787,870.2621582212033
100,500,0.2,5,1.0,0.07,21,1000,969560.6048171684,9695.606048171685,0.804,883.208822415779
100,500,0.2,5,1.0,0.07,22,1000,971365.9957979887,9713.659957979888,0.78,849.5140188168672
100,500,0.2,5,1.0,0.07,23,1000,978142.0098657653,9781.420098657654,0.77,820.5503007626884
100,500,0.2,5,1.0,0.07,24,1000,964084.7306399241,9640.84730639924,0.794,889.1981371848857
100,500,0.2,5,1.0,0.07,25,1000,976435.3002971832,9764.353002971831,0.79,914.0208997505968
100,500,0.2,5,1.0,0.07,26,1000,971765.757875912,9717.657578759121,0.816,849.1713297099996
100,500,0.2,5,1.0,0.07,27,1000,975342.5484934277,9753.425484934276,0.798,837.4146854320209
100,500,0.2,5,1.0,0.07,28,1000,974051.919906397,9740.51919906397,0.781,864.0554593608653
100,500,0.2,5,1.0,0.07,29,1000,973941.3086324913,9739.413086324912,0.805,857.3753893188324
100,500,0.2,5,1.0,0.07,30,1000,973845.4834173493,9738.454834173494,0.776,854.1341614122732
100,500,0.2,5,1.0,0.07,31,1000,976057.7140722551,9760.577140722551,0.774,875.6127176996644
100,500,0.2,5,1.0,0.07,32,1000,971271.3235858008,9712.713235858007,0.803,855.7892811606525
100,500,0.2,5,1.0,0.07,33,1000,975373.5146547623,9753.735146547624,0.806,794.169008768202
100,500,0.2,5,1.0,0.07,34,1000,975557.4217173706,9755.574217173706,0.795,858.1967463333827
100,500,0.2,5,1.0,0.07,35,1000,969709.4693274022,9697.094693274023,0.819,914.2861942822842
100,500,0.2,5,1.0,0.07,36,1000,973002.148369759,9730.02148369759,0.813,869.3387795692679
100,500,0.2,5,1.0,0.07,37,1000,971695.0793294243,9716.950793294243,0.785,854.4667879598624
100,500,0.2,5,1.0,0.07,38,1000,972041.968621905,9720.41968621905,0.774,913.1601189463104
100,500,0.2,5,1.0,0.07,39,1000,971651.1707233017,9716.511707233018,0.769,837.9931288466033
100,500,0.2,5,1.0,0.07,40,1000,972969.6121761521,9729.69612176152,0.788,871.0456228380586
100,500,0.2,5,1.0,0.07,41,1000,967932.5189915574,9679.325189915575,0.819,911.0793738032359
100,500,0.2,5,1.0,0.07,42,1000,973095.0753816577,9730.950753816576,0.816,874.1213927213964
100,500,0.2,5,1.0,0.07,43,1000,967876.2805675889,9678.76280567589,0.788,870.8378348650857
100,500,0.2,5,1.0,0.07,44,1000,973190.0181620161,9731.90018162016,0.814,871.3315467508266
100,500,0.2,5,1.0,0.07,45,1000,973543.5320974636,9735.435320974637,0.781,894.0579327362965
100,500,0.2,5,1.0,0.07,46,1000,972722.1063617814,9727.221063617813,0.8,830.8052501485629
100,500,0.2,5,1.0,0.07,47,1000,971597.6523388452,9715.976523388452,0.776,855.9164279117409
100,500,0.2,5,1.0,0.07,48,1000,975948.0897539603,9759.480897539603,0.785,878.5530527268667
100,500,0.2,5,1.0,0.07,49,1000,970613.1963821978,9706.131963821977,0.797,837.7386256818961
100,500,0.2,5,1.0,0.08,0,1000,965382.580196319,9653.82580196319,0.848,818.0891732980899
100,500,0.2,5,1.0,0.08,1,1000,969030.0979396706,9690.300979396705,0.813,857.1632619566038
100,500,0.2,5,1.0,0.08,2,1000,976335.665757073,9763.35665757073,0.815,788.4338994321306
100,500,0.2,5,1.0,0.08,3,1000,969767.4821354374,9697.674821354374,0.864,852.0462263116434
100,500,0.2,5,1.0,0.08,4,1000,976564.158158096,9765.64158158096,0.822,805.8694641216168
100,500,0.2,5,1.0,0.08,5,1000,975541.6433275702,9755.416433275701,0.821,815.400393683666
100,500,0.2,5,1.0,0.08,6,1000,973482.6780397595,9734.826780397596,0.81,812.3301767278094
100,500,0.2,5,1.0,0.08,7,1000,969650.1307173824,9696.501307173825,0.83,896.8598561155818
100,500,0.2,5,1.0,0.08,8,1000,968426.6998321258,9684.266998321258,0.824,818.6587321789161
100,500,0.2,5,1.0,0.08,9,1000,972678.1293310288,9726.781293310289,0.821,801.6329184999947
100,500,0.2,5,1.0,0.08,10,1000,972908.7829347044,9729.087829347045,0.814,783.6599112575001
100,500,0.2,5,1.0,0.08,11,1000,971810.181455239,9718.10181455239,0.824,828.3111983260975
100,500,0.2,5,1.0,0.08,12,1000,976379.62348258,9763.796234825799,0.855,768.2357762817562
100,500,0.2,5,1.0,0.08,13,1000,968928.863473412,9689.28863473412,0.838,835.7734254990073
100,500,0.2,5,1.0,0.08,14,1000,969959.0961693,9699.590961693,0.84,825.3239539467149
100,500,0.2,5,1.0,0.08,15,1000,974961.5869090739,9749.61586909074,0.821,813.9158274300861
100,500,0.2,5,1.0,0.08,16,1000,971462.652758318,9714.62652758318,0.829,850.3411942385495
100,500,0.2,5,1.0,0.08,17,1000,972659.7681238265,9726.597681238265,0.82,826.1389937180016
100,500,0.2,5,1.0,0.08,18,1000,966493.3151698288,9664.933151698287,0.823,831.9862095682632
100,500,0.2,5,1.0,0.08,19,1000,973856.7075363847,9738.567075363848,0.814,818.6531810855903
100,500,0.2,5,1.0,0.08,20,1000,971764.2127833784,9717.642127833784,0.841,834.6469895530165
100,500,0.2,5,1.0,0.08,21,1000,975141.3206321645,9751.413206321646,0.83,791.4718566820064
100,500,0.2,5,1.0,0.08,22,1000,972246.6272243231,9722.466272243231,0.815,804.7163445844429
100,500,0.2,5,1.0,0.08,23,1000,973082.6957410095,9730.826957410096,0.824,793.4261341805426
100,500,0.2,5,1.0,0.08,24,1000,966894.4051374703,9668.944051374703,0.807,843.7593506640242
100,500,0.2,5,1.0,0.08,25,1000,978925.0518744363,9789.250518744364,0.81,801.6564019283541
100,500,0.2,5,1.0,0.08,26,1000,975276.1536782879,9752.761536782878,0.84,830.6756509101444
100,500,0.2,5,1.0,0.08,27,1000,976400.2872467461,9764.002872467461,0.844,794.8567586454307
100,500,0.2,5,1.0,0.08,28,1000,972510.0743326847,9725.100743326848,0.856,752.4615012647666
100,500,0.2,5,1.0,0.08,29,1000,970303.4432272662,9703.034432272661,0.824,837.8855844767991
100,500,0.2,5,1.0,0.08,30,1000,973347.8647800134,9733.478647800135,0.864,850.2356893103693
100,500,0.2,5,1.0,0.08,31,1000,972572.6717764607,9725.726717764606,0.82,798.6270758041679
100,500,0.2,5,1.0,0.08,32,1000,973764.703309847,9737.64703309847,0.831,743.9407013562559
100,500,0.2,5,1.0,0.08,33,1000,967767.9899712079,9677.679899712079,0.837,833.1604564370825
100,500,0.2,5,1.0,0.08,34,1000,974207.647391166,9742.07647391166,0.811,805.5040836968368
100,500,0.2,5,1.0,0.08,35,1000,971077.6163216328,9710.776163216327,0.839,856.65979241705
100,500,0.2,5,1.0,0.08,36,1000,971438.896516018,9714.38896516018,0.844,814.6001818602448
100,500,0.2,5,1.0,0.08,37,1000,971240.5811926045,9712.405811926044,0.829,829.3167483322102
100,500,0.2,5,1.0,0.08,38,1000,979015.293975886,9790.15293975886,0.801,818.8116499130234
100,500,0.2,5,1.0,0.08,39,1000,975193.5405570747,9751.935405570746,0.823,813.5508237159133
100,500,0.2,5,1.0,0.08,40,1000,971280.9176356015,9712.809176356015,0.843,858.909728474831
100,500,0.2,5,1.0,0.08,41,1000,974086.9685797027,9740.869685797026,0.823,797.2579201851978
100,500,0.2,5,1.0,0.08,42,1000,976710.3036740016,9767.103036740016,0.849,814.6314117395469
100,500,0.2,5,1.0,0.08,43,1000,970420.9938996736,9704.209938996735,0.818,828.8003844318685
100,500,0.2,5,1.0,0.08,44,1000,970901.5569920359,9709.015569920359,0.806,809.8974846651117
100,500,0.2,5,1.0,0.08,45,1000,971102.0648082779,9711.020648082778,0.832,832.4033392538207
100,500,0.2,5,1.0,0.08,46,1000,976268.2912561401,9762.6829125614,0.844,816.4639040981675
100,500,0.2,5,1.0,0.08,47,1000,972571.322019924,9725.713220199239,0.84,831.5625353331953
100,500,0.2,5,1.0,0.08,48,1000,979786.9305049471,9797.869305049471,0.846,745.2036839360865
100,500,0.2,5,1.0,0.08,49,1000,969060.1627907198,9690.601627907197,0.826,865.1562582653295
100,500,0.2,5,1.0,0.09,0,1000,969549.2003993903,9695.492003993902,0.853,811.5576593665157
100,500,0.2,5,1.0,0.09,1,1000,968864.0109115287,9688.640109115287,0.857,782.200264069181
100,500,0.2,5,1.0,0.09,2,1000,969461.0242548625,9694.610242548624,0.855,761.5440223005143
100,500,0.2,5,1.0,0.09,3,1000,974428.6762219531,9744.286762219532,0.858,801.5403523368332
100,500,0.2,5,1.0,0.09,4,1000,971346.5410661293,9713.465410661294,0.84,810.9129417025943
100,500,0.2,5,1.0,0.09,5,1000,974059.2901515027,9740.592901515027,0.855,809.5618978580827
100,500,0.2,5,1.0,0.09,6,1000,974449.001126716,9744.49001126716,0.867,752.8275993060386
100,500,0.2,5,1.0,0.09,7,1000,969937.2511472872,9699.372511472871,0.831,795.6138707736078
100,500,0.2,5,1.0,0.09,8,1000,970445.2614862139,9704.452614862139,0.856,773.9768880740448
100,500,0.2,5,1.0,0.09,9,1000,970416.6018270623,9704.166018270624,0.854,792.6654456647369
100,500,0.2,5,1.0,0.09,10,1000,971053.922215171,9710.53922215171,0.838,797.4009298630415
100,500,0.2,5,1.0,0.09,11,1000,969998.3011486424,9699.983011486423,0.843,789.4095101589037
100,500,0.2,5,1.0,0.09,12,1000,970540.7456454199,9705.407456454199,0.86,765.512023306132
100,500,0.2,5,1.0,0.09,13,1000,966919.4690061162,9669.194690061162,0.876,871.2149974791236
100,500,0.2,5,1.0,0.09,14,1000,972177.1268007654,9721.771268007655,0.841,773.1171586501257
100,500,0.2,5,1.0,0.09,15,1000,971745.4799276924,9717.454799276924,0.866,743.1442525160132
100,500,0.2,5,1.0,0.09,16,1000,968487.9787967885,9684.879787967884,0.851,799.8230746128135
100,500,0.2,5,1.0,0.09,17,1000,970410.5190176948,9704.105190176948,0.842,827.8841221820337
100,500,0.2,5,1.0,0.09,18,1000,968943.9137127522,9689.439137127521,0.873,782.2205611111713
100,500,0.2,5,1.0,0.09,19,1000,969143.8356363644,9691.438356363644,0.852,746.7586164666374
100,500,0.2,5,1.0,0.09,20,1000,972241.194504117,9722.41194504117,0.871,784.7616508640073
100,500,0.2,5,1.0,0.09,21,1000,969929.4844074278,9699.294844074278,0.861,841.6384650860759
100,500,0.2,5,1.0,0.09,22,1000,967570.1685645747,9675.701685645747,0.848,800.2455229763501
100,500,0.2,5,1.0,0.09,23,1000,977637.5179827865,9776.375179827864,0.866,714.3574174450806
100,500,0.2,5,1.0,0.09,24,1000,972142.3378210254,9721.423378210255,0.882,788.8986554986994
100,500,0.2,5,1.0,0.09,25,1000,979801.0069260807,9798.010069260807,0.837,793.6971365226071
100,500,0.2,5,1.0,0.09,26,1000,967862.0909648199,9678.620909648198,0.876,818.9596611981987
100,500,0.2,5,1.0,0.09,27,1000,975448.963982054,9754.48963982054,0.864,734.1635242113912
100,500,0.2,5,1.0,0.09,28,1000,970877.6172002038,9708.776172002039,0.856,827.1020200367304
100,500,0.2,5,1.0,0.09,29,1000,971110.5243332855,9711.105243332855,0.875,802.131571998682
100,500,0.2,5,1.0,0.09,30,1000,975679.1169104722,9756.791169104721,0.857,758.9596962521141
100,500,0.2,5,1.0,0.09,31,1000,975377.018644144,9753.77018644144,0.87,780.5591050721933
100,500,0.2,5,1.0,0.09,32,1000,976091.3225389681,9760.91322538968,0.869,746.5126371079031
100,500,0.2,5,1.0,0.09,33,1000,970240.1750141309,9702.40175014131,0.85,863.3405536204967
100,500,0.2,5,1.0,0.09,34,1000,972269.4599200485,9722.694599200484,0.848,795.1490599985061
100,500,0.2,5,1.0,0.09,35,1000,970286.3089005061,9702.86308900506,0.848,814.8020134647853
100,500,0.2,5,1.0,0.09,36,1000,971936.1760905022,9719.361760905022,0.857,771.0240227112598
100,500,0.2,5,1.0,0.09,37,1000,968045.9855180277,9680.459855180277,0.842,803.773449509755
100,500,0.2,5,1.0,0.09,38,1000,975674.0031517983,9756.740031517982,0.856,808.5538932898054
100,500,0.2,5,1.0,0.09,39,1000,971509.2080425337,9715.092080425336,0.86,808.4555265462147
100,500,0.2,5,1.0,0.09,40,1000,972289.5040569718,9722.895040569718,0.847,728.9054520677533
100,500,0.2,5,1.0,0.09,41,1000,971627.2728007644,9716.272728007643,0.856,794.1971559328975
100,500,0.2,5,1.0,0.09,42,1000,973848.4494191698,9738.484494191698,0.86,814.2852376485187
100,500,0.2,5,1.0,0.09,43,1000,966673.9801036713,9666.739801036712,0.848,801.7586815371706
100,500,0.2,5,1.0,0.09,44,1000,970952.1638950647,9709.521638950648,0.853,808.5634332785111
100,500,0.2,5,1.0,0.09,45,1000,967218.7869248213,9672.187869248213,0.843,832.3852887892587
100,500,0.2,5,1.0,0.09,46,1000,969423.1304506744,9694.231304506744,0.848,790.4064798270374
100,500,0.2,5,1.0,0.09,47,1000,970627.1796043947,9706.271796043948,0.862,823.5487937845417
100,500,0.2,5,1.0,0.09,48,1000,972526.5635815155,9725.265635815154,0.855,801.2120189497617
100,500,0.2,5,1.0,0.09,49,1000,972809.0591240379,9728.090591240378,0.853,778.7044113385717
100,500,0.2,5,1.0,0.1,0,1000,970468.0746986094,9704.680746986094,0.878,770.1149906088259
100,500,0.2,5,1.0,0.1,1,1000,966595.6643801209,9665.95664380121,0.866,740.1256934572311
100,500,0.2,5,1.0,0.1,2,1000,969165.3976761054,9691.653976761054,0.869,730.4446745057517
100,500,0.2,5,1.0,0.1,3,1000,965744.4746682941,9657.44474668294,0.859,749.9483957238203
100,500,0.2,5,1.0,0.1,4,1000,968711.3500916268,9687.113500916268,0.897,767.6982424716293
100,500,0.2,5,1.0,0.1,5,1000,968316.8130187261,9683.168130187261,0.894,786.1078718480543
100,500,0.2,5,1.0,0.1,6,1000,969292.0512961322,9692.920512961322,0.88,776.9220592756351
100,500,0.2,5,1.0,0.1,7,1000,971379.8092953897,9713.798092953897,0.893,745.6130766022839
100,500,0.2,5,1.0,0.1,8,1000,967592.7931326744,9675.927931326743,0.879,758.5774317752295
100,500,0.2,5,1.0,0.1,9,1000,973858.8316126782,9738.588316126783,0.884,715.0720803446472
100,500,0.2,5,1.0,0.1,10,1000,967038.7803532684,9670.387803532683,0.879,782.0403888421524
100,500,0.2,5,1.0,0.1,11,1000,967582.6168257892,9675.826168257892,0.88,750.9752691567855
100,500,0.2,5,1.0,0.1,12,1000,966302.5139171699,9663.0251391717,0.897,797.1128327585241
100,500,0.2,5,1.0,0.1,13,1000,966956.9552729991,9669.56955272999,0.869,797.2453109199826
100,500,0.2,5,1.0,0.1,14,1000,963660.6332674044,9636.606332674044,0.873,724.0360715979999
100,500,0.2,5,1.0,0.1,15,1000,970798.168693807,9707.98168693807,0.888,747.8919035278008
100,500,0.2,5,1.0,0.1,16,1000,962187.8803676334,9621.878803676334,0.877,746.2820465939698
100,500,0.2,5,1.0,0.1,17,1000,966251.4882188678,9662.514882188678,0.886,775.2818527381792
100,500,0.2,5,1.0,0.1,18,1000,964230.6483609177,9642.306483609176,0.885,781.8433184946003
100,500,0.2,5,1.0,0.1,19,1000,968746.8968640597,9687.468968640598,0.889,790.0968487258177
100,500,0.2,5,1.0,0.1,20,1000,969984.494371652,9699.84494371652,0.889,744.862797304344
100,500,0.2,5,1.0,0.1,21,1000,969566.3074165843,9695.663074165843,0.877,724.6049126492318
100,500,0.2,5,1.0,0.1,22,1000,968513.6588164262,9685.136588164261,0.879,764.2562186990119
100,500,0.2,5,1.0,0.1,23,1000,969138.0898567317,9691.380898567317,0.875,776.6998942023012
100,500,0.2,5,1.0,0.1,24,1000,966277.0733728332,9662.770733728332,0.872,779.2041989143801
100,500,0.2,5,1.0,0.1,25,1000,969828.7429722355,9698.287429722355,0.881,822.8656434898603
100,500,0.2,5,1.0,0.1,26,1000,967487.2818495005,9674.872818495005,0.862,762.4875882334437
100,500,0.2,5,1.0,0.1,27,1000,963671.2646127555,9636.712646127555,0.916,773.830811997665
100,500,0.2,5,1.0,0.1,28,1000,967117.2622907094,9671.172622907094,0.889,754.4523979286206
100,500,0.2,5,1.0,0.1,29,1000,967627.5982142119,9676.275982142119,0.895,760.1344156893285
100,500,0.2,5,1.0,0.1,30,1000,968007.7717493442,9680.077717493441,0.885,811.9916843676601
100,500,0.2,5,1.0,0.1,31,1000,967434.4307842654,9674.344307842654,0.879,713.124059794241
100,500,0.2,5,1.0,0.1,32,1000,968850.5441074363,9688.505441074363,0.873,770.8843044023757
100,500,0.2,5,1.0,0.1,33,1000,965711.3957557498,9657.113957557498,0.878,844.8718854354094
100,500,0.2,5,1.0,0.1,34,1000,967864.8070239004,9678.648070239004,0.885,763.1026850672073
100,500,0.2,5,1.0,0.1,35,1000,972515.6544689905,9725.156544689906,0.885,772.100370460639
100,500,0.2,5,1.0,0.1,36,1000,968408.6475357024,9684.086475357024,0.887,771.118298047315
100,500,0.2,5,1.0,0.1,37,1000,967574.8636019601,9675.748636019602,0.856,739.5146894766556
100,500,0.2,5,1.0,0.1,38,1000,968911.5764488908,9689.115764488908,0.881,785.1648185407536
100,500,0.2,5,1.0,0.1,39,1000,972335.9152783465,9723.359152783465,0.871,779.3361154948452
100,500,0.2,5,1.0,0.1,40,1000,966411.9190189134,9664.119190189134,0.872,781.0635715402051
100,500,0.2,5,1.0,0.1,41,1000,967717.6418420984,9677.176418420984,0.878,799.8852254446945
100,500,0.2,5,1.0,0.1,42,1000,966730.6374572454,9667.306374572454,0.885,829.4204026080089
100,500,0.2,5,1.0,0.1,43,1000,965735.622429759,9657.35622429759,0.883,757.5129717354263
100,500,0.2,5,1.0,0.1,44,1000,964332.1730694327,9643.321730694328,0.883,779.605601949555
100,500,0.2,5,1.0,0.1,45,1000,970510.9757160683,9705.109757160682,0.851,763.7623983291013
100,500,0.2,5,1.0,0.1,46,1000,965171.2187750565,9651.712187750565,0.883,770.2192812079156
100,500,0.2,5,1.0,0.1,47,1000,969775.7444807453,9697.757444807452,0.872,737.58021560737
100,500,0.2,5,1.0,0.1,48,1000,972405.5906363807,9724.055906363807,0.887,746.0175927748151
100,500,0.2,5,1.0,0.1,49,1000,972732.4811273648,9727.324811273647,0.869,754.2206422834736
100,500,0.2,5,1.0,0.12,0,1000,962924.3480705004,9629.243480705005,0.931,709.2106745216032
100,500,0.2,5,1.0,0.12,1,1000,960842.2158578074,9608.422158578074,0.93,716.1195285141639
100,500,0.2,5,1.0,0.12,2,1000,959893.6237791791,9598.936237791791,0.929,719.274795151742
100,500,0.2,5,1.0,0.12,3,1000,965018.2793758413,9650.182793758413,0.925,733.7331377285053
100,500,0.2,5,1.0,0.12,4,1000,963414.2220008615,9634.142220008616,0.905,763.4408027883045
100,500,0.2,5,1.0,0.12,5,1000,963841.1810683795,9638.411810683796,0.921,691.3940682985285
100,500,0.2,5,1.0,0.12,6,1000,965932.1316546372,9659.321316546371,0.908,693.3915565059405
100,500,0.2,5,1.0,0.12,7,1000,959785.2489881963,9597.852489881963,0.917,741.5156352504904
100,500,0.2,5,1.0,0.12,8,1000,956995.8074657087,9569.958074657086,0.944,735.2301343761708
100,500,0.2,5,1.0,0.12,9,1000,960043.6963570485,9600.436963570484,0.926,743.7550201822819
100,500,0.2,5,1.0,0.12,10,1000,959240.5235080282,9592.405235080283,0.91,748.583166710885
100,500,0.2,5,1.0,0.12,11,1000,962791.8664485638,9627.918664485638,0.912,717.6442886649933
100,500,0.2,5,1.0,0.12,12,1000,965492.5558150028,9654.925558150027,0.918,710.2374355649523
100,500,0.2,5,1.0,0.12,13,1000,963420.0045344731,9634.20004534473,0.9,691.4358742492478
100,500,0.2,5,1.0,0.12,14,1000,961460.763071159,9614.60763071159,0.914,695.1949579209888
100,500,0.2,5,1.0,0.12,15,1000,961634.8473904178,9616.348473904178,0.892,738.6929252238415
100,500,0.2,5,1.0,0.12,16,1000,961172.3901241946,9611.723901241945,0.927,696.5120108782173
100,500,0.2,5,1.0,0.12,17,1000,962279.3173201098,9622.793173201098,0.922,699.8552584861408
100,500,0.2,5,1.0,0.12,18,1000,955291.1758741168,9552.911758741167,0.922,771.2606765078701
100,500,0.2,5,1.0,0.12,19,1000,961598.5533804335,9615.985533804334,0.918,714.2903081719837
100,500,0.2,5,1.0,0.12,20,1000,963670.711051803,9636.70711051803,0.917,688.3719043001328
100,500,0.2,5,1.0,0.12,21,1000,958681.2206925245,9586.812206925244,0.915,752.5908187030291
100,500,0.2,5,1.0,0.12,22,1000,959895.801474827,9598.95801474827,0.929,734.3596363460426
100,500,0.2,5,1.0,0.12,23,1000,962707.3071527602,9627.073071527602,0.908,710.854699765022
100,500,0.2,5,1.0,0.12,24,1000,962077.612958491,9620.77612958491,0.93,716.3019033395972
100,500,0.2,5,1.0,0.12,25,1000,959841.4890479178,9598.414890479178,0.92,735.7303802099935
100,500,0.2,5,1.0,0.12,26,1000,958729.2142466219,9587.29214246622,0.928,689.2824404656818
100,500,0.2,5,1.0,0.12,27,1000,958707.7504812365,9587.077504812365,0.923,739.3280244618976
100,500,0.2,5,1.0,0.12,28,1000,959692.7015771911,9596.927015771911,0.933,720.2074751532363
100,500,0.2,5,1.0,0.12,29,1000,963155.1247450917,9631.551247450916,0.931,713.056686128393
100,500,0.2,5,1.0,0.12,30,1000,961578.1408601224,9615.781408601224,0.915,703.7154020672025
100,500,0.2,5,1.0,0.12,31,1000,962795.6232054904,9627.956232054905,0.917,749.8161104653785
100,500,0.2,5,1.0,0.12,32,1000,961370.5147192256,9613.705147192255,0.909,748.6325690394957
100,500,0.2,5,1.0,0.12,33,1000,958788.8438389328,9587.888438389327,0.929,718.6789629058048
100,500,0.2,5,1.0,0.12,34,1000,959110.2761722406,9591.102761722406,0.92,744.7792305771345
100,500,0.2,5,1.0,0.12,35,1000,962072.9971342571,9620.729971342571,0.912,720.9311438809522
100,500,0.2,5,1.0,0.12,36,1000,957797.153277708,9577.97153277708,0.922,746.3811843947382
100,500,0.2,5,1.0,0.12,37,1000,960808.9834389335,9608.089834389335,0.917,711.4429198706579
100,500,0.2,5,1.0,0.12,38,1000,966095.3970660851,9660.953970660852,0.915,700.2074842700171
100,500,0.2,5,1.0,0.12,39,1000,968029.1647643193,9680.291647643193,0.899,648.5621366690324
100,500,0.2,5,1.0,0.12,40,1000,961502.2700706816,9615.022700706815,0.904,723.2613137418574
100,500,0.2,5,1.0,0.12,41,1000,961608.6337990161,9616.086337990162,0.913,714.9465695304956
100,500,0.2,5,1.0,0.12,42,1000,957563.4717134472,9575.634717134473,0.926,754.464560863968
100,500,0.2,5,1.0,0.12,43,1000,960258.6577268,9602.586577267999,0.912,718.9770508096244
100,500,0.2,5,1.0,0.12,44,1000,962915.9697673117,9629.159697673116,0.922,688.9561287258995
100,500,0.2,5,1.0,0.12,45,1000,959986.1444965197,9599.861444965198,0.92,780.1968968676393
100,500,0.2,5,1.0,0.12,46,1000,957580.2466866138,9575.802466866138,0.924,745.2697728409514
100,500,0.2,5,1.0,0.12,47,1000,959661.0745251519,9596.610745251519,0.921,713.7684778878222
100,500,0.2,5,1.0,0.12,48,1000,965414.8392471758,9654.148392471758,0.925,711.0605338620403
100,500,0.2,5,1.0,0.12,49,1000,961064.6848056688,9610.646848056687,0.916,717.7002858503699
100,500,0.2,5,1.0,0.14,0,1000,954124.6683618691,9541.24668361869,0.945,652.6216159026827
100,500,0.2,5,1.0,0.14,1,1000,950896.0724117365,9508.960724117365,0.95,691.7591822904612
100,500,0.2,5,1.0,0.14,2,1000,950369.49882338,9503.6949882338,0.943,665.4785611373999
100,500,0.2,5,1.0,0.14,3,1000,955153.0311627957,9551.530311627957,0.95,663.5155953683775
100,500,0.2,5,1.0,0.14,4,1000,953378.2520442595,9533.782520442595,0.956,693.7578471380282
100,500,0.2,5,1.0,0.14,5,1000,951142.8664000329,9511.428664000328,0.951,696.5234160916235
100,500,0.2,5,1.0,0.14,6,1000,951014.751542189,9510.14751542189,0.949,707.183132465812
100,500,0.2,5,1.0,0.14,7,1000,948590.4251539198,9485.9042515392,0.951,695.586228481727
100,500,0.2,5,1.0,0.14,8,1000,954717.850444315,9547.17850444315,0.944,669.5236405995824
100,500,0.2,5,1.0,0.14,9,1000,953385.4246582508,9533.854246582508,0.956,698.4479732979971
100,500,0.2,5,1.0,0.14,10,1000,951401.4422944683,9514.014422944683,0.939,656.1185499021714
100,500,0.2,5,1.0,0.14,11,1000,954893.0118764322,9548.930118764321,0.93,684.4351737524545
100,500,0.2,5,1.0,0.14,12,1000,950961.7870084433,9509.617870084432,0.958,694.9810198698976
100,500,0.2,5,1.0,0.14,13,1000,952061.0746448926,9520.610746448925,0.935,701.2773418379192
100,500,0.2,5,1.0,0.14,14,1000,955925.6249200559,9559.256249200558,0.938,689.6307223629198
100,500,0.2,5,1.0,0.14,15,1000,948995.9213710333,9489.959213710334,0.946,717.5160471686476
100,500,0.2,5,1.0,0.14,16,1000,951954.1751636703,9519.541751636703,0.939,687.4850272775756
100,500,0.2,5,1.0,0.14,17,1000,954905.1052724543,9549.051052724542,0.951,700.0611015043429
100,500,0.2,5,1.0,0.14,18,1000,952675.9703617188,9526.759703617188,0.953,692.0387039669758
100,500,0.2,5,1.0,0.14,19,1000,952287.8377392257,9522.878377392257,0.967,676.7631112446576
100,500,0.2,5,1.0,0.14,20,1000,953970.8767014702,9539.708767014703,0.957,664.8987569370528
100,500,0.2,5,1.0,0.14,21,1000,953946.9206490818,9539.469206490818,0.951,641.299960070317
100,500,0.2,5,1.0,0.14,22,1000,953249.4891351978,9532.494891351978,0.94,693.0255475138986
100,500,0.2,5,1.0,0.14,23,1000,951435.4283938647,9514.354283938646,0.947,716.6165954676859
100,500,0.2,5,1.0,0.14,24,1000,948806.5077144705,9488.065077144705,0.951,653.9091439565988
100,500,0.2,5,1.0,0.14,25,1000,952067.961556259,9520.679615562589,0.956,697.4467176545619
100,500,0.2,5,1.0,0.14,26,1000,947701.7592116258,9477.017592116257,0.965,697.5257432909876
100,500,0.2,5,1.0,0.14,27,1000,952425.5148269769,9524.255148269769,0.955,657.9837233450206
100,500,0.2,5,1.0,0.14,28,1000,953456.7341942183,9534.567341942184,0.949,693.9009634078477
100,500,0.2,5,1.0,0.14,29,1000,952358.027965382,9523.58027965382,0.953,673.3835536627221
100,500,0.2,5,1.0,0.14,30,1000,953268.0914448679,9532.68091444868,0.944,704.823556165258
100,500,0.2,5,1.0,0.14,31,1000,951858.5654569409,9518.58565456941,0.944,726.3104983024682
100,500,0.2,5,1.0,0.14,32,1000,951197.085532381,9511.970855323809,0.952,736.0823083474729
100,500,0.2,5,1.0,0.14,33,1000,948423.6237153765,9484.236237153766,0.95,699.378043736718
100,500,0.2,5,1.0,0.14,34,1000,953161.5443787936,9531.615443787936,0.948,716.034294616972
100,500,0.2,5,1.0,0.14,35,1000,953851.0322306681,9538.510322306682,0.953,693.4324258618484
100,500,0.2,5,1.0,0.14,36,1000,954148.6169296771,9541.486169296772,0.955,655.3551939288121
100,500,0.2,5,1.0,0.14,37,1000,953883.8234544193,9538.838234544193,0.946,674.1967773446215
100,500,0.2,5,1.0,0.14,38,1000,954673.7440974339,9546.737440974339,0.944,691.0117606996223
100,500,0.2,5,1.0,0.14,39,1000,951869.6834721518,9518.696834721517,0.941,724.565351781227
100,500,0.2,5,1.0,0.14,40,1000,952284.8981486984,9522.848981486984,0.949,672.9829221864876
100,500,0.2,5,1.0,0.14,41,1000,954224.9902415554,9542.249902415553,0.941,665.9718706112681
100,500,0.2,5,1.0,0.14,42,1000,952863.9497773305,9528.639497773305,0.951,682.3364856399376
100,500,0.2,5,1.0,0.14,43,1000,952925.2384488836,9529.252384488836,0.95,692.4504940022795
100,500,0.2,5,1.0,0.14,44,1000,953393.7178351311,9533.93717835131,0.945,698.6878107766346
100,500,0.2,5,1.0,0.14,45,1000,954120.9494133503,9541.209494133504,0.926,695.8468036208761
100,500,0.2,5,1.0,0.14,46,1000,953724.1392036789,9537.241392036789,0.939,684.7770156966399
100,500,0.2,5,1.0,0.14,47,1000,953494.4350103004,9534.944350103004,0.949,687.4565661180696
100,500,0.2,5,1.0,0.14,48,1000,955143.7209713102,9551.437209713102,0.939,679.6842283786964
100,500,0.2,5,1.0,0.14,49,1000,950716.6350795404,9507.166350795404,0.948,696.7128670281043
100,500,0.2,5,1.0,0.16,0,1000,938929.4408394941,9389.29440839494,0.958,679.7996451552368
100,500,0.2,5,1.0,0.16,1,1000,940840.6423760995,9408.406423760995,0.965,672.43207903724
100,500,0.2,5,1.0,0.16,2,1000,938774.7719927215,9387.747719927214,0.97,673.935113531852
100,500,0.2,5,1.0,0.16,3,1000,943549.1637966385,9435.491637966385,0.96,663.4214130674965
100,500,0.2,5,1.0,0.16,4,1000,942506.2953126515,9425.062953126515,0.97,708.5178304930514
100,500,0.2,5,1.0,0.16,5,1000,942517.8671178293,9425.178671178293,0.968,646.3418339031579
100,500,0.2,5,1.0,0.16,6,1000,941718.6804331142,9417.186804331142,0.967,658.6028702694393
100,500,0.2,5,1.0,0.16,7,1000,941210.6876190857,9412.106876190857,0.968,647.6550168357957
100,500,0.2,5,1.0,0.16,8,1000,938539.8288234483,9385.398288234483,0.971,677.7422314431957
100,500,0.2,5,1.0,0.16,9,1000,943739.9667393576,9437.399667393576,0.98,659.3825094884428
100,500,0.2,5,1.0,0.16,10,1000,939476.2807512747,9394.762807512747,0.949,668.5752522300387
100,500,0.2,5,1.0,0.16,11,1000,943863.341134282,9438.63341134282,0.958,690.0850958422309
100,500,0.2,5,1.0,0.16,12,1000,940958.5964828143,9409.585964828142,0.976,657.4247485195058
100,500,0.2,5,1.0,0.16,13,1000,943032.2378569875,9430.322378569876,0.958,679.016728278953
100,500,0.2,5,1.0,0.16,14,1000,944706.9504164878,9447.069504164878,0.959,633.0217967514262
100,500,0.2,5,1.0,0.16,15,1000,942722.0211630682,9427.220211630682,0.971,653.2323227615835
100,500,0.2,5,1.0,0.16,16,1000,942036.7694591018,9420.36769459102,0.966,622.4474552524404
100,500,0.2,5,1.0,0.16,17,1000,943558.0050865548,9435.580050865548,0.975,675.897792976735
100,500,0.2,5,1.0,0.16,18,1000,942894.6664980855,9428.946664980855,0.956,703.6983033610821
100,500,0.2,5,1.0,0.16,19,1000,943453.6226380155,9434.536226380156,0.967,689.5806705065895
100,500,0.2,5,1.0,0.16,20,1000,943686.2787126943,9436.862787126944,0.965,672.926507344266
100,500,0.2,5,1.0,0.16,21,1000,945502.1079676315,9455.021079676315,0.97,664.9688871179438
100,500,0.2,5,1.0,0.16,22,1000,941727.0227208262,9417.270227208262,0.959,663.5523728335916
100,500,0.2,5,1.0,0.16,23,1000,940295.5732874724,9402.955732874723,0.972,648.3077401905975
100,500,0.2,5,1.0,0.16,24,1000,941547.3582209758,9415.47358220976,0.968,674.9727602324184
100,500,0.2,5,1.0,0.16,25,1000,944759.530979206,9447.59530979206,0.965,676.2808016493864
100,500,0.2,5,1.0,0.16,26,1000,939876.6995925101,9398.766995925102,0.965,667.2027273552429
100,500,0.2,5,1.0,0.16,27,1000,943000.6085762955,9430.006085762956,0.968,680.6931041466364
100,500,0.2,5,1.0,0.16,28,1000,943320.3020570463,9433.203020570463,0.972,652.1602562728901
100,500,0.2,5,1.0,0.16,29,1000,941961.3635661255,9419.613635661255,0.968,679.243189022145
100,500,0.2,5,1.0,0.16,30,1000,940563.0232539506,9405.630232539506,0.962,671.6948693935336
100,500,0.2,5,1.0,0.16,31,1000,942316.4733632607,9423.164733632608,0.967,661.753899593643
100,500,0.2,5,1.0,0.16,32,1000,944132.4094797437,9441.324094797437,0.96,668.7786725421836
100,500,0.2,5,1.0,0.16,33,1000,944181.7603253222,9441.817603253221,0.968,646.2931081689948
100,500,0.2,5,1.0,0.16,34,1000,942578.1796602905,9425.781796602905,0.966,677.2486401354729
100,500,0.2,5,1.0,0.16,35,1000,941716.9026927197,9417.169026927197,0.956,674.4780576860543
100,500,0.2,5,1.0,0.16,36,1000,941463.225104093,9414.63225104093,0.967,665.5827227290706
100,500,0.2,5,1.0,0.16,37,1000,942594.794271189,9425.94794271189,0.963,648.1123374456084
100,500,0.2,5,1.0,0.16,38,1000,945546.5499719741,9455.465499719741,0.971,658.7053711142395
100,500,0.2,5,1.0,0.16,39,1000,945116.6388634386,9451.166388634387,0.97,641.2229395978436
100,500,0.2,5,1.0,0.16,40,1000,940818.1649678892,9408.181649678892,0.971,683.5936146922865
100,500,0.2,5,1.0,0.16,41,1000,942322.1483092414,9423.221483092413,0.971,629.9991570829167
100,500,0.2,5,1.0,0.16,42,1000,944210.9860491233,9442.109860491233,0.965,630.3823705354305
100,500,0.2,5,1.0,0.16,43,1000,939148.8220083175,9391.488220083174,0.96,657.8101989065672
100,500,0.2,5,1.0,0.16,44,1000,939528.3159002599,9395.283159002598,0.973,664.2174421737674
100,500,0.2,5,1.0,0.16,45,1000,939798.3717118913,9397.983717118912,0.956,678.0410996690684
100,500,0.2,5,1.0,0.16,46,1000,940674.9888062463,9406.749888062463,0.961,653.5268333428477
100,500,0.2,5,1.0,0.16,47,1000,944454.521463138,9444.54521463138,0.957,665.8019499593971
100,500,0.2,5,1.0,0.16,48,1000,944629.9863666042,9446.299863666041,0.978,636.0848822916931
100,500,0.2,5,1.0,0.16,49,1000,941465.4801840535,9414.654801840536,0.962,669.5098461038872
100,500,0.2,5,1.0,0.18,0,1000,931188.3043906782,9311.883043906782,0.97,640.0128551749337
100,500,0.2,5,1.0,0.18,1,1000,930912.5837490578,9309.12583749058,0.98,657.8418573423342
100,500,0.2,5,1.0,0.18,2,1000,929122.2562380995,9291.222562380995,0.978,627.1765111978555
100,500,0.2,5,1.0,0.18,3,1000,933262.6737022557,9332.626737022558,0.976,626.2949549582164
100,500,0.2,5,1.0,0.18,4,1000,930853.9240608875,9308.539240608876,0.971,631.6449565857604
100,500,0.2,5,1.0,0.18,5,1000,930646.68202907,9306.4668202907,0.981,610.5768777043171
100,500,0.2,5,1.0,0.18,6,1000,928373.292307197,9283.73292307197,0.972,637.6693925271586
100,500,0.2,5,1.0,0.18,7,1000,933346.1514451251,9333.461514451252,0.973,612.3560828762777
100,500,0.2,5,1.0,0.18,8,1000,931459.8619883826,9314.598619883827,0.974,627.3417731845615
100,500,0.2,5,1.0,0.18,9,1000,932417.8871765753,9324.178871765753,0.985,614.2295911936279
100,500,0.2,5,1.0,0.18,10,1000,931649.7968006197,9316.497968006197,0.968,603.8363810512901
100,500,0.2,5,1.0,0.18,11,1000,931132.1841946923,9311.321841946923,0.978,656.6293931603223
100,500,0.2,5,1.0,0.18,12,1000,930843.0012309434,9308.430012309434,0.979,636.841665911183
100,500,0.2,5,1.0,0.18,13,1000,934559.1376433212,9345.591376433213,0.979,598.3345168858366
100,500,0.2,5,1.0,0.18,14,1000,936506.4242776092,9365.064242776092,0.981,605.8317293198413
100,500,0.2,5,1.0,0.18,15,1000,932966.8319367574,9329.668319367574,0.974,617.7838302219793
100,500,0.2,5,1.0,0.18,16,1000,929396.7708059186,9293.967708059186,0.976,638.562654626644
100,500,0.2,5,1.0,0.18,17,1000,931660.9281168382,9316.609281168383,0.981,643.5894257767254
100,500,0.2,5,1.0,0.18,18,1000,931326.0280375037,9313.260280375038,0.985,616.3144170730442
100,500,0.2,5,1.0,0.18,19,1000,931407.9099699697,9314.079099699697,0.975,620.9778834417689
100,500,0.2,5,1.0,0.18,20,1000,930568.7586203075,9305.687586203076,0.974,632.571625657046
100,500,0.2,5,1.0,0.18,21,1000,933816.7357297767,9338.167357297767,0.972,646.78392048264
100,500,0.2,5,1.0,0.18,22,1000,928104.4122018234,9281.044122018235,0.983,673.1115901294762
100,500,0.2,5,1.0,0.18,23,1000,928389.1268325665,9283.891268325664,0.979,629.9712232540455
100,500,0.2,5,1.0,0.18,24,1000,934043.676742026,9340.43676742026,0.976,642.0626509212136
100,500,0.2,5,1.0,0.18,25,1000,934358.3367938496,9343.583367938496,0.977,635.1529154182422
100,500,0.2,5,1.0,0.18,26,1000,928009.0627030085,9280.090627030086,0.983,657.0559715130977
100,500,0.2,5,1.0,0.18,27,1000,933796.1992982936,9337.961992982935,0.976,642.12832472346
100,500,0.2,5,1.0,0.18,28,1000,930200.2764197467,9302.002764197467,0.974,616.4179151503357
100,500,0.2,5,1.0,0.18,29,1000,932523.3656873817,9325.233656873817,0.979,634.9481153573562
100,500,0.2,5,1.0,0.18,30,1000,932593.6511562708,9325.936511562708,0.981,614.9029307563325
100,500,0.2,5,1.0,0.18,31,1000,932060.1627757833,9320.601627757833,0.983,598.5995139787386
100,500,0.2,5,1.0,0.18,32,1000,932327.4049101303,9323.274049101303,0.975,635.6221806984529
100,500,0.2,5,1.0,0.18,33,1000,930069.6209273153,9300.696209273154,0.979,637.0859699496699
100,500,0.2,5,1.0,0.18,34,1000,932065.7327988883,9320.657327988883,0.969,612.2724280172016
100,500,0.2,5,1.0,0.18,35,1000,932506.078460523,9325.06078460523,0.98,630.3065365461865
100,500,0.2,5,1.0,0.18,36,1000,930589.248445205,9305.89248445205,0.98,624.801270649874
100,500,0.2,5,1.0,0.18,37,1000,932640.3891659159,9326.40389165916,0.971,647.9587133717392
100,500,0.2,5,1.0,0.18,38,1000,932740.6627523119,9327.40662752312,0.982,623.7809878173729
100,500,0.2,5,1.0,0.18,39,1000,931849.1783896083,9318.491783896083,0.973,662.4494421573759
100,500,0.2,5,1.0,0.18,40,1000,932131.9974686296,9321.319974686296,0.979,619.507113628058
100,500,0.2,5,1.0,0.18,41,1000,931163.0880873322,9311.630880873323,0.982,630.8541625522006
100,500,0.2,5,1.0,0.18,42,1000,931718.3439782215,9317.183439782215,0.98,646.2538157899742
100,500,0.2,5,1.0,0.18,43,1000,931236.9833292093,9312.369833292092,0.977,623.5836938088687
100,500,0.2,5,1.0,0.18,44,1000,930863.532418913,9308.63532418913,0.97,627.3956736297974
100,500,0.2,5,1.0,0.18,45,1000,931827.1714325302,9318.271714325301,0.974,626.1162599322624
100,500,0.2,5,1.0,0.18,46,1000,930577.857979447,9305.77857979447,0.973,669.6724268148452
100,500,0.2,5,1.0,0.18,47,1000,928725.7123492112,9287.257123492112,0.973,686.9760415475255
100,500,0.2,5,1.0,0.18,48,1000,931725.6300471539,9317.25630047154,0.976,635.4117491663923
100,500,0.2,5,1.0,0.18,49,1000,929305.0529076745,9293.050529076745,0.981,628.2162120856682
100,500,0.2,5,1.0,0.2,0,1000,919680.5033469826,9196.805033469827,0.991,633.3149779090278
100,500,0.2,5,1.0,0.2,1,1000,921353.3396115641,9213.533396115641,0.983,609.741737997876
100,500,0.2,5,1.0,0.2,2,1000,919422.9312529584,9194.229312529584,0.985,637.6739690400154
100,500,0.2,5,1.0,0.2,3,1000,918963.6391080468,9189.636391080468,0.981,611.8366739072301
100,500,0.2,5,1.0,0.2,4,1000,922805.4848867864,9228.054848867865,0.986,591.3488636581549
100,500,0.2,5,1.0,0.2,5,1000,924855.5185759977,9248.555185759977,0.984,609.1924035318101
100,500,0.2,5,1.0,0.2,6,1000,920151.1134704311,9201.511134704311,0.983,603.1062050937932
100,500,0.2,5,1.0,0.2,7,1000,919405.0717061107,9194.050717061107,0.993,633.9498685948154
100,500,0.2,5,1.0,0.2,8,1000,922057.6942167075,9220.576942167076,0.983,613.0876460078864
100,500,0.2,5,1.0,0.2,9,1000,919996.4793477993,9199.964793477993,0.989,646.3414321945833
100,500,0.2,5,1.0,0.2,10,1000,919826.668227472,9198.26668227472,0.978,612.2169782849732
100,500,0.2,5,1.0,0.2,11,1000,920996.1572127955,9209.961572127955,0.983,624.4828580219769
100,500,0.2,5,1.0,0.2,12,1000,920660.9913623906,9206.609913623906,0.992,602.6527574273366
100,500,0.2,5,1.0,0.2,13,1000,923499.8854143112,9234.998854143112,0.978,619.0087854690544
100,500,0.2,5,1.0,0.2,14,1000,921687.5354650334,9216.875354650334,0.983,613.1920328516327
100,500,0.2,5,1.0,0.2,15,1000,919808.9596904981,9198.089596904982,0.983,626.4172100170429
100,500,0.2,5,1.0,0.2,16,1000,920017.6309858446,9200.176309858447,0.982,623.2865703322414
100,500,0.2,5,1.0,0.2,17,1000,921282.6852726096,9212.826852726095,0.987,612.3145481581863
100,500,0.2,5,1.0,0.2,18,1000,920310.2855659198,9203.1028556592,0.988,599.5852106594543
100,500,0.2,5,1.0,0.2,19,1000,922208.9137860194,9222.089137860194,0.984,613.3322538825535
100,500,0.2,5,1.0,0.2,20,1000,921761.508506834,9217.61508506834,0.988,626.444600880732
100,500,0.2,5,1.0,0.2,21,1000,920983.2431862133,9209.832431862133,0.986,632.8920998362602
100,500,0.2,5,1.0,0.2,22,1000,919989.9370612054,9199.899370612055,0.99,611.9701535206448
100,500,0.2,5,1.0,0.2,23,1000,920477.7829278028,9204.777829278028,0.98,589.7500444304447
100,500,0.2,5,1.0,0.2,24,1000,921093.4983969339,9210.934983969339,0.979,597.6134037958689
100,500,0.2,5,1.0,0.2,25,1000,922175.6407572392,9221.756407572391,0.984,630.4992305427487
100,500,0.2,5,1.0,0.2,26,1000,916245.3142520207,9162.453142520208,0.99,623.2230397877581
100,500,0.2,5,1.0,0.2,27,1000,919081.1343137426,9190.811343137426,0.99,627.3524361123998
100,500,0.2,5,1.0,0.2,28,1000,921250.5541953982,9212.505541953982,0.99,597.9091288965417
100,500,0.2,5,1.0,0.2,29,1000,923633.730220313,9236.33730220313,0.988,608.2621707722232
100,500,0.2,5,1.0,0.2,30,1000,919540.4555198977,9195.404555198977,0.989,623.3693026684343
100,500,0.2,5,1.0,0.2,31,1000,921086.2320111219,9210.862320111219,0.983,596.3005479349638
100,500,0.2,5,1.0,0.2,32,1000,922101.2238782143,9221.012238782143,0.984,603.2761241592191
100,500,0.2,5,1.0,0.2,33,1000,921158.471751774,9211.58471751774,0.984,617.6464828360793
100,500,0.2,5,1.0,0.2,34,1000,922815.8879567405,9228.158879567405,0.986,610.6361011178549
100,500,0.2,5,1.0,0.2,35,1000,922552.5674443516,9225.525674443516,0.986,608.3056679545358
100,500,0.2,5,1.0,0.2,36,1000,920248.2002065688,9202.482002065688,0.984,573.0145332002958
100,500,0.2,5,1.0,0.2,37,1000,919380.7616310413,9193.807616310412,0.983,615.0018696256059
100,500,0.2,5,1.0,0.2,38,1000,920888.6433146424,9208.886433146423,0.984,634.926701975659
100,500,0.2,5,1.0,0.2,39,1000,920806.0021536478,9208.060021536478,0.983,608.0186711949391
100,500,0.2,5,1.0,0.2,40,1000,920997.577755389,9209.975777553891,0.979,592.794161263926
100,500,0.2,5,1.0,0.2,41,1000,918632.686482076,9186.32686482076,0.987,621.2559294380878
100,500,0.2,5,1.0,0.2,42,1000,920654.1599050337,9206.541599050337,0.987,622.7911046729096
100,500,0.2,5,1.0,0.2,43,1000,920819.9951909618,9208.199951909617,0.982,615.2926336286716
100,500,0.2,5,1.0,0.2,44,1000,920792.6009146142,9207.926009146142,0.989,638.0724222110485
100,500,0.2,5,1.0,0.2,45,1000,920307.6727384826,9203.076727384825,0.984,611.4681308081197
100,500,0.2,5,1.0,0.2,46,1000,920951.936693304,9209.51936693304,0.988,617.2659295636557
100,500,0.2,5,1.0,0.2,47,1000,922799.0925764239,9227.99092576424,0.983,602.3001679416127
100,500,0.2,5,1.0,0.2,48,1000,921670.3939241386,9216.703939241386,0.983,617.8735726067343
100,500,0.2,5,1.0,0.2,49,1000,921320.4068424985,9213.204068424984,0.985,609.2811376110632
100,500,0.2,5,1.0,0.22,0,1000,907613.7177413325,9076.137177413324,0.991,581.9281726770591
100,500,0.2,5,1.0,0.22,1,1000,910154.4481784629,9101.54448178463,0.992,595.5508360618304
100,500,0.2,5,1.0,0.22,2,1000,909667.9566343103,9096.679566343104,0.989,603.9139281709175
100,500,0.2,5,1.0,0.22,3,1000,908296.8475666053,9082.968475666054,0.994,583.4481764012487
100,500,0.2,5,1.0,0.22,4,1000,908911.2754199989,9089.112754199989,0.991,594.7434371395325
100,500,0.2,5,1.0,0.22,5,1000,911471.8014444147,9114.718014444146,0.987,593.1561433883221
100,500,0.2,5,1.0,0.22,6,1000,909624.757431171,9096.24757431171,0.989,586.99874704484
100,500,0.2,5,1.0,0.22,7,1000,908700.5933186444,9087.005933186445,0.995,570.9656255183642
100,500,0.2,5,1.0,0.22,8,1000,909182.49004429,9091.8249004429,0.993,591.1919011178927
100,500,0.2,5,1.0,0.22,9,1000,909228.0252734689,9092.280252734688,0.995,579.3522494461167
100,500,0.2,5,1.0,0.22,10,1000,908269.8538862175,9082.698538862174,0.989,595.2779720679665
100,500,0.2,5,1.0,0.22,11,1000,909601.0572361994,9096.010572361994,0.991,608.7282447011241
100,500,0.2,5,1.0,0.22,12,1000,908429.7842603222,9084.297842603222,0.992,582.02562304011
100,500,0.2,5,1.0,0.22,13,1000,913016.5246952462,9130.165246952463,0.988,594.9742191568909
100,500,0.2,5,1.0,0.22,14,1000,908676.6406476796,9086.766406476796,0.991,582.8744180025619
100,500,0.2,5,1.0,0.22,15,1000,908855.3225268159,9088.553225268159,0.988,572.9396584481349
100,500,0.2,5,1.0,0.22,16,1000,908934.2730580629,9089.342730580629,0.993,588.5081527699136
100,500,0.2,5,1.0,0.22,17,1000,909892.0951658009,9098.920951658009,0.994,592.8107767729205
100,500,0.2,5,1.0,0.22,18,1000,909484.4129498197,9094.844129498197,0.993,584.0137661881892
100,500,0.2,5,1.0,0.22,19,1000,910900.3519075515,9109.003519075515,0.992,581.0407890323527
100,500,0.2,5,1.0,0.22,20,1000,909542.5183956338,9095.425183956339,0.992,583.2069951175857
100,500,0.2,5,1.0,0.22,21,1000,909176.0694424218,9091.760694424218,0.984,605.0214527064147
100,500,0.2,5,1.0,0.22,22,1000,909540.378760935,9095.40378760935,0.985,555.2350660802507
100,500,0.2,5,1.0,0.22,23,1000,907386.8230966523,9073.868230966524,0.993,566.3204224019061
100,500,0.2,5,1.0,0.22,24,1000,907411.2586120549,9074.11258612055,0.993,599.3867939172416
100,500,0.2,5,1.0,0.22,25,1000,913504.2898193507,9135.042898193507,0.987,587.2012282118721
100,500,0.2,5,1.0,0.22,26,1000,908455.512540161,9084.55512540161,0.988,563.7772220913449
100,500,0.2,5,1.0,0.22,27,1000,908460.8694059497,9084.608694059498,0.989,595.910064234129
100,500,0.2,5,1.0,0.22,28,1000,907941.7294429628,9079.417294429628,0.988,585.736144885554
100,500,0.2,5,1.0,0.22,29,1000,911209.8445314832,9112.098445314832,0.989,578.8383408064698
100,500,0.2,5,1.0,0.22,30,1000,909787.741283471,9097.87741283471,0.993,576.1206859699496
100,500,0.2,5,1.0,0.22,31,1000,908157.3983542483,9081.573983542483,0.993,578.5604736607984
100,500,0.2,5,1.0,0.22,32,1000,909668.295317483,9096.68295317483,0.994,581.0033116172394
100,500,0.2,5,1.0,0.22,33,1000,910923.8720432101,9109.2387204321,0.99,582.0698800178441
100,500,0.2,5,1.0,0.22,34,1000,908404.0362474006,9084.040362474007,0.988,593.6506954795316
100,500,0.2,5,1.0,0.22,35,1000,911324.8750668387,9113.248750668386,0.991,606.50886005688
100,500,0.2,5,1.0,0.22,36,1000,910412.4631585111,9104.124631585111,0.987,578.2968712043304
100,500,0.2,5,1.0,0.22,37,1000,909561.0853257972,9095.610853257973,0.99,574.65143342578
100,500,0.2,5,1.0,0.22,38,1000,912224.6925131961,9122.246925131962,0.987,578.8532106047579
100,500,0.2,5,1.0,0.22,39,1000,910445.5315972444,9104.455315972444,0.994,587.1258482653584
100,500,0.2,5,1.0,0.22,40,1000,909184.1214418603,9091.841214418604,0.986,589.2366141882036
100,500,0.2,5,1.0,0.22,41,1000,910522.9239710214,9105.229239710214,0.987,609.7739532642014
100,500,0.2,5,1.0,0.22,42,1000,908392.5015496868,9083.925015496869,0.99,595.2120169170072
100,500,0.2,5,1.0,0.22,43,1000,910287.8498239317,9102.878498239317,0.989,568.5375854587505
100,500,0.2,5,1.0,0.22,44,1000,910603.0719271486,9106.030719271486,0.996,595.4704045690208
100,500,0.2,5,1.0,0.22,45,1000,906738.9544511787,9067.389544511787,0.993,602.674847207048
100,500,0.2,5,1.0,0.22,46,1000,911035.7352412821,9110.357352412822,0.99,607.8027957766872
100,500,0.2,5,1.0,0.22,47,1000,908383.6006380185,9083.836006380185,0.99,623.1551618502032
100,500,0.2,5,1.0,0.22,48,1000,908655.2711297,9086.552711297,0.989,603.9003767522097
100,500,0.2,5,1.0,0.22,49,1000,909028.5509180246,9090.285509180247,0.988,582.627231064113
100,500,0.2,5,1.0,0.24,0,1000,897275.8268652768,8972.758268652768,0.991,561.3378895569074
100,500,0.2,5,1.0,0.24,1,1000,896542.716247476,8965.42716247476,0.996,586.0623146013812
100,500,0.2,5,1.0,0.24,2,1000,897916.5170566951,8979.16517056695,0.994,578.2410766758027
100,500,0.2,5,1.0,0.24,3,1000,899491.7234285093,8994.917234285092,0.994,552.7248787411521
100,500,0.2,5,1.0,0.24,4,1000,900168.5998006832,9001.685998006833,0.997,570.4838234035457
100,500,0.2,5,1.0,0.24,5,1000,898347.9591104048,8983.47959110405,0.994,595.7323372247436
100,500,0.2,5,1.0,0.24,6,1000,899914.7855161888,8999.147855161887,0.997,567.5184550057597
100,500,0.2,5,1.0,0.24,7,1000,897191.977837469,8971.91977837469,0.995,577.0019336743425
100,500,0.2,5,1.0,0.24,8,1000,897681.4284479993,8976.814284479993,0.997,592.7526858911103
100,500,0.2,5,1.0,0.24,9,1000,898124.0638547543,8981.240638547542,0.988,572.7571360543138
100,500,0.2,5,1.0,0.24,10,1000,898261.254731514,8982.61254731514,0.996,576.0420574763068
100,500,0.2,5,1.0,0.24,11,1000,898561.501009274,8985.61501009274,0.991,555.2859086240628
100,500,0.2,5,1.0,0.24,12,1000,895774.7789476013,8957.747789476014,0.991,559.4065550208834
100,500,0.2,5,1.0,0.24,13,1000,898408.6002324545,8984.086002324544,0.995,559.2053293586779
100,500,0.2,5,1.0,0.24,14,1000,897906.203034209,8979.06203034209,0.993,578.9445412079522
100,500,0.2,5,1.0,0.24,15,1000,898354.4355380328,8983.544355380327,0.992,581.1236593570665
100,500,0.2,5,1.0,0.24,16,1000,895213.7833343161,8952.13783334316,0.99,581.9931091879577
100,500,0.2,5,1.0,0.24,17,1000,900878.2958011988,9008.782958011989,0.994,558.8584823537217
100,500,0.2,5,1.0,0.24,18,1000,895956.9416443408,8959.569416443408,0.994,582.5198922503535
100,500,0.2,5,1.0,0.24,19,1000,899018.6724113117,8990.186724113117,0.992,577.0080496173965
100,500,0.2,5,1.0,0.24,20,1000,900109.8407159824,9001.098407159823,0.989,568.2103639016992
100,500,0.2,5,1.0,0.24,21,1000,898095.6763794598,8980.956763794598,0.991,565.4427204410741
100,500,0.2,5,1.0,0.24,22,1000,894408.1188313939,8944.08118831394,0.997,561.5878855512534
100,500,0.2,5,1.0,0.24,23,1000,896806.4550055036,8968.064550055036,0.999,551.2795953157823
100,500,0.2,5,1.0,0.24,24,1000,895724.0622407321,8957.240622407322,0.995,552.7485700607356
100,500,0.2,5,1.0,0.24,25,1000,900534.0147436884,9005.340147436884,0.997,571.3693056332096
100,500,0.2,5,1.0,0.24,26,1000,895911.6114911606,8959.116114911605,0.996,592.9024662261082
100,500,0.2,5,1.0,0.24,27,1000,895520.5807557493,8955.205807557493,0.996,587.1430494107486
100,500,0.2,5,1.0,0.24,28,1000,900273.6366186608,9002.736366186607,0.995,569.347007063658
100,500,0.2,5,1.0,0.24,29,1000,897664.8947898325,8976.648947898326,0.996,563.9210866801859
100,500,0.2,5,1.0,0.24,30,1000,896830.8645208441,8968.30864520844,0.995,571.158277330488
100,500,0.2,5,1.0,0.24,31,1000,894943.2560891539,8949.432560891539,0.993,572.8755158323997
100,500,0.2,5,1.0,0.24,32,1000,896657.8760962322,8966.578760962322,0.997,574.6600124490305
100,500,0.2,5,1.0,0.24,33,1000,896386.9710390028,8963.869710390027,0.993,572.7634300206765
100,500,0.2,5,1.0,0.24,34,1000,896165.7267517927,8961.657267517927,0.997,593.5955172373159
100,500,0.2,5,1.0,0.24,35,1000,899682.2028389754,8996.822028389754,0.994,561.0962948209751
100,500,0.2,5,1.0,0.24,36,1000,896502.9507985925,8965.029507985926,0.994,579.2652559948442
100,500,0.2,5,1.0,0.24,37,1000,899946.1909480966,8999.461909480966,0.993,576.7247806499103
100,500,0.2,5,1.0,0.24,38,1000,899312.4607514921,8993.124607514921,0.995,581.578022583687
100,500,0.2,5,1.0,0.24,39,1000,898719.6466035428,8987.196466035428,0.994,541.782857762095
100,500,0.2,5,1.0,0.24,40,1000,902302.8885099683,9023.028885099682,0.991,562.4421939532868
100,500,0.2,5,1.0,0.24,41,1000,898403.1784372617,8984.031784372617,0.991,585.4750491767531
100,500,0.2,5,1.0,0.24,42,1000,897763.9612619678,8977.639612619678,0.989,561.412816140003
100,500,0.2,5,1.0,0.24,43,1000,896996.2564311881,8969.962564311882,0.992,570.5898540155887
100,500,0.2,5,1.0,0.24,44,1000,899137.7296987241,8991.37729698724,0.995,560.290449166292
100,500,0.2,5,1.0,0.24,45,1000,898621.2329973917,8986.212329973918,0.994,559.0771677591232
100,500,0.2,5,1.0,0.24,46,1000,897997.0959432243,8979.970959432243,0.994,586.7494467440414
100,500,0.2,5,1.0,0.24,47,1000,899016.3352615939,8990.163352615938,0.998,579.7128269428151
100,500,0.2,5,1.0,0.24,48,1000,897017.2317786674,8970.172317786673,0.992,569.330828553847
100,500,0.2,5,1.0,0.24,49,1000,899494.1550007956,8994.941550007956,0.995,558.966120748267
100,500,0.2,5,1.0,0.26,0,1000,884550.1568155832,8845.501568155833,0.996,537.8369495381883
100,500,0.2,5,1.0,0.26,1,1000,885728.8119656123,8857.288119656123,0.995,537.2887398615361
100,500,0.2,5,1.0,0.26,2,1000,885329.4659557049,8853.294659557048,0.995,548.9451229383203
100,500,0.2,5,1.0,0.26,3,1000,887789.1333780403,8877.891333780402,0.993,554.4256208487961
100,500,0.2,5,1.0,0.26,4,1000,887878.151251592,8878.78151251592,0.997,565.0988903345191
100,500,0.2,5,1.0,0.26,5,1000,886397.9008336653,8863.979008336653,0.996,564.847082580022
100,500,0.2,5,1.0,0.26,6,1000,890212.9612594846,8902.129612594847,0.995,532.2486831791196
100,500,0.2,5,1.0,0.26,7,1000,887225.6252403359,8872.25625240336,0.997,527.90918186546
100,500,0.2,5,1.0,0.26,8,1000,885638.1140353912,8856.381140353913,0.988,560.4807816471654
100,500,0.2,5,1.0,0.26,9,1000,886996.2239522852,8869.962239522853,0.995,535.4456739561463
100,500,0.2,5,1.0,0.26,10,1000,887268.7290934877,8872.687290934877,0.996,530.2911307106896
100,500,0.2,5,1.0,0.26,11,1000,886164.122441705,8861.64122441705,0.992,556.4464852300747
100,500,0.2,5,1.0,0.26,12,1000,886145.2763638316,8861.452763638315,0.997,554.9235226895231
100,500,0.2,5,1.0,0.26,13,1000,889314.3600048964,8893.143600048965,0.995,554.347351759393
100,500,0.2,5,1.0,0.26,14,1000,885111.1631199818,8851.111631199818,0.998,565.3361592125926
100,500,0.2,5,1.0,0.26,15,1000,886537.2003171606,8865.372003171606,0.996,525.775215348275
100,500,0.2,5,1.0,0.26,16,1000,887632.0611408381,8876.32061140838,0.998,556.5924010014714
100,500,0.2,5,1.0,0.26,17,1000,888650.1264789674,8886.501264789673,0.995,526.9971316990086
100,500,0.2,5,1.0,0.26,18,1000,887967.5531271999,8879.675531271998,0.993,559.0151314862659
100,500,0.2,5,1.0,0.26,19,1000,886023.4045604959,8860.234045604959,0.992,533.9625942764387
100,500,0.2,5,1.0,0.26,20,1000,884309.9351357803,8843.099351357803,0.994,556.4328765037883
100,500,0.2,5,1.0,0.26,21,1000,884477.835230412,8844.77835230412,0.997,578.7661014723401
100,500,0.2,5,1.0,0.26,22,1000,885011.2679229638,8850.112679229638,0.997,525.2037902459126
100,500,0.2,5,1.0,0.26,23,1000,884973.6213394057,8849.736213394057,0.994,536.7691456191684
100,500,0.2,5,1.0,0.26,24,1000,886363.2032583647,8863.632032583648,0.994,532.2476855524984
100,500,0.2,5,1.0,0.26,25,1000,884605.3844445489,8846.053844445489,0.998,524.8409835172771
100,500,0.2,5,1.0,0.26,26,1000,887124.1791515184,8871.241791515184,0.99,538.3390485228114
100,500,0.2,5,1.0,0.26,27,1000,885986.4556333957,8859.864556333958,0.996,569.1538242017817
100,500,0.2,5,1.0,0.26,28,1000,884675.1527835317,8846.751527835317,0.996,541.8713100461065
100,500,0.2,5,1.0,0.26,29,1000,887436.8222825447,8874.368222825447,0.997,538.4615863056548
100,500,0.2,5,1.0,0.26,30,1000,886895.9406639884,8868.959406639884,0.996,559.7423710257959
100,500,0.2,5,1.0,0.26,31,1000,885360.3137362222,8853.603137362223,0.996,545.4422741866796
100,500,0.2,5,1.0,0.26,32,1000,884777.0761506382,8847.770761506381,0.994,548.8673458726013
100,500,0.2,5,1.0,0.26,33,1000,885266.4946297329,8852.66494629733,0.998,550.999491496121
100,500,0.2,5,1.0,0.26,34,1000,885319.9582067818,8853.199582067818,0.995,558.0931301899312
100,500,0.2,5,1.0,0.26,35,1000,887787.0836924212,8877.870836924212,0.997,522.9467003261517
100,500,0.2,5,1.0,0.26,36,1000,883887.177658437,8838.87177658437,0.995,563.9019391000498
100,500,0.2,5,1.0,0.26,37,1000,888835.3187395155,8888.353187395154,0.993,546.9463814671652
100,500,0.2,5,1.0,0.26,38,1000,886234.9887527807,8862.349887527807,0.992,560.9417758096076
100,500,0.2,5,1.0,0.26,39,1000,885701.3511309613,8857.013511309613,0.998,546.2102224084166
100,500,0.2,5,1.0,0.26,40,1000,887121.32998507,8871.2132998507,0.992,552.4084862108615
100,500,0.2,5,1.0,0.26,41,1000,886625.7747315309,8866.257747315309,0.995,561.8978106796416
100,500,0.2,5,1.0,0.26,42,1000,884588.9223137276,8845.889223137276,0.994,571.6476782826693
100,500,0.2,5,1.0,0.26,43,1000,886562.0947276758,8865.620947276759,0.998,537.0126359065117
100,500,0.2,5,1.0,0.26,44,1000,887614.1882123959,8876.141882123959,0.998,543.6073121786977
100,500,0.2,5,1.0,0.26,45,1000,886256.7290558197,8862.567290558196,0.994,557.0679244881716
100,500,0.2,5,1.0,0.26,46,1000,888067.3070661786,8880.673070661787,1.0,548.8336208403657
100,500,0.2,5,1.0,0.26,47,1000,885552.4623026227,8855.524623026227,0.995,553.1809380603967
100,500,0.2,5,1.0,0.26,48,1000,886537.0093901836,8865.370093901836,0.995,537.3346830027218
100,500,0.2,5,1.0,0.26,49,1000,887018.0503991415,8870.180503991414,0.998,544.5001735478744
100,500,0.2,5,1.0,0.28,0,1000,872904.7947178162,8729.047947178162,0.999,535.5493246108567
100,500,0.2,5,1.0,0.28,1,1000,874903.6038144166,8749.036038144166,0.997,538.8167581955554
100,500,0.2,5,1.0,0.28,2,1000,876885.8705941536,8768.858705941537,0.997,531.0343395872811
100,500,0.2,5,1.0,0.28,3,1000,873065.0857698735,8730.650857698734,0.998,558.4274528759202
100,500,0.2,5,1.0,0.28,4,1000,875198.7695619134,8751.987695619135,1.0,537.3936005205684
100,500,0.2,5,1.0,0.28,5,1000,875836.471789025,8758.36471789025,0.999,538.1405655699093
100,500,0.2,5,1.0,0.28,6,1000,874787.6211537981,8747.876211537981,0.994,526.0719247530941
100,500,0.2,5,1.0,0.28,7,1000,871526.3481876323,8715.263481876324,0.999,525.0879978016396
100,500,0.2,5,1.0,0.28,8,1000,869253.790677497,8692.53790677497,0.999,522.1964604215192
100,500,0.2,5,1.0,0.28,9,1000,874572.8222081388,8745.728222081387,0.999,549.5239622294722
100,500,0.2,5,1.0,0.28,10,1000,873064.3246717305,8730.643246717305,0.994,534.1467874335935
100,500,0.2,5,1.0,0.28,11,1000,873436.6423137728,8734.366423137728,0.997,538.0969031599833
100,500,0.2,5,1.0,0.28,12,1000,873906.9165563426,8739.069165563425,0.999,510.3319390540621
100,500,0.2,5,1.0,0.28,13,1000,874306.6705248001,8743.066705248,0.997,500.43363188233707
100,500,0.2,5,1.0,0.28,14,1000,872978.7571724196,8729.787571724195,0.996,527.9203868868091
100,500,0.2,5,1.0,0.28,15,1000,875873.9859628315,8758.739859628315,0.998,527.0307414421778
100,500,0.2,5,1.0,0.28,16,1000,873724.0544132615,8737.240544132615,0.998,527.5723367906952
100,500,0.2,5,1.0,0.28,17,1000,874044.4173021781,8740.44417302178,0.999,546.3527395048338
100,500,0.2,5,1.0,0.28,18,1000,872746.6583917123,8727.466583917123,0.998,547.267841310286
100,500,0.2,5,1.0,0.28,19,1000,877521.2657157134,8775.212657157133,0.996,531.2874126637549
100,500,0.2,5,1.0,0.28,20,1000,872888.6893218334,8728.886893218334,0.998,514.8625694289383
100,500,0.2,5,1.0,0.28,21,1000,876214.9883765385,8762.149883765385,0.995,555.5797479397806
100,500,0.2,5,1.0,0.28,22,1000,873798.5887522525,8737.985887522525,0.998,538.2140089275865
100,500,0.2,5,1.0,0.28,23,1000,874669.0108302968,8746.690108302968,0.999,530.4149207351973
100,500,0.2,5,1.0,0.28,24,1000,873702.3134830915,8737.023134830915,0.999,522.5138872107915
100,500,0.2,5,1.0,0.28,25,1000,873577.910130783,8735.77910130783,0.996,536.7378220833507
100,500,0.2,5,1.0,0.28,26,1000,874006.8896746148,8740.068896746148,0.996,538.6320797288555
100,500,0.2,5,1.0,0.28,27,1000,874028.1140826251,8740.281140826251,0.998,552.2350360263672
100,500,0.2,5,1.0,0.28,28,1000,873241.4068909253,8732.414068909253,0.995,527.958629543009
100,500,0.2,5,1.0,0.28,29,1000,875979.532515229,8759.79532515229,0.998,549.2198709243615
100,500,0.2,5,1.0,0.28,30,1000,872964.3108550981,8729.643108550981,0.998,515.6054756539021
100,500,0.2,5,1.0,0.28,31,1000,869962.554358646,8699.62554358646,0.998,531.3010870446703
100,500,0.2,5,1.0,0.28,32,1000,873861.0842894182,8738.610842894182,0.996,504.3405588679641
100,500,0.2,5,1.0,0.28,33,1000,873354.5024137371,8733.545024137371,0.996,532.5842577983842
100,500,0.2,5,1.0,0.28,34,1000,875098.8735973283,8750.988735973284,0.998,507.43726940714555
100,500,0.2,5,1.0,0.28,35,1000,873712.0564532161,8737.12056453216,0.997,529.0885734459504
100,500,0.2,5,1.0,0.28,36,1000,874562.3617573715,8745.623617573714,0.997,512.7445847272959
100,500,0.2,5,1.0,0.28,37,1000,876611.2656436475,8766.112656436475,0.993,536.1389381493669
100,500,0.2,5,1.0,0.28,38,1000,871956.0056637054,8719.560056637054,0.998,534.6449896562814
100,500,0.2,5,1.0,0.28,39,1000,872853.8263527647,8728.538263527647,1.0,552.9373963767313
100,500,0.2,5,1.0,0.28,40,1000,877442.9906772394,8774.429906772393,0.997,529.6830195588019
100,500,0.2,5,1.0,0.28,41,1000,874869.8380739504,8748.698380739505,0.999,522.7396010992555
100,500,0.2,5,1.0,0.28,42,1000,873796.6278687505,8737.966278687505,0.999,517.7176299878523
100,500,0.2,5,1.0,0.28,43,1000,873365.3313987324,8733.653313987325,0.997,503.0257079848473
100,500,0.2,5,1.0,0.28,44,1000,873661.631897869,8736.616318978691,0.999,535.4845448915928
100,500,0.2,5,1.0,0.28,45,1000,872989.2543193359,8729.892543193359,0.997,542.4741413630222
100,500,0.2,5,1.0,0.28,46,1000,874755.3969831015,8747.553969831015,0.992,545.7395205060267
100,500,0.2,5,1.0,0.28,47,1000,873817.6036363752,8738.176036363751,0.995,523.5897446539461
100,500,0.2,5,1.0,0.28,48,1000,872843.5505869617,8728.435505869616,0.997,528.5219594450324
100,500,0.2,5,1.0,0.28,49,1000,874199.4417967467,8741.994417967468,0.997,533.1946073257311
100,500,0.2,5,1.0,0.3,0,1000,860750.274972609,8607.50274972609,1.0,516.6693413272044
100,500,0.2,5,1.0,0.3,1,1000,863048.3869263324,8630.483869263324,0.999,493.12782976719546
100,500,0.2,5,1.0,0.3,2,1000,863876.5928035207,8638.765928035207,0.996,500.1019378020804
100,500,0.2,5,1.0,0.3,3,1000,863727.9310275749,8637.27931027575,0.995,513.4660678005953
100,500,0.2,5,1.0,0.3,4,1000,862279.9550753797,8622.799550753796,0.997,540.004234063636
100,500,0.2,5,1.0,0.3,5,1000,863410.7223753891,8634.10722375389,0.998,531.2420345745091
100,500,0.2,5,1.0,0.3,6,1000,863737.2962850457,8637.372962850457,0.997,504.78929760232535
100,500,0.2,5,1.0,0.3,7,1000,863246.3857304873,8632.463857304872,0.997,496.42587034425236
100,500,0.2,5,1.0,0.3,8,1000,863194.4634571373,8631.944634571373,0.996,510.3330635469566
100,500,0.2,5,1.0,0.3,9,1000,862401.1314770477,8624.011314770476,1.0,504.7597985074234
100,500,0.2,5,1.0,0.3,10,1000,861591.2611908264,8615.912611908265,0.995,503.80828844887856
100,500,0.2,5,1.0,0.3,11,1000,860255.3813127485,8602.553813127486,0.999,527.9374052356287
100,500,0.2,5,1.0,0.3,12,1000,860537.43500687,8605.3743500687,0.998,514.8561565670942
100,500,0.2,5,1.0,0.3,13,1000,864267.6819845423,8642.676819845423,0.999,498.30449183797634
100,500,0.2,5,1.0,0.3,14,1000,861869.125591551,8618.69125591551,0.999,510.6770079473367
100,500,0.2,5,1.0,0.3,15,1000,858168.5865970975,8581.685865970974,0.998,511.9479724131143
100,500,0.2,5,1.0,0.3,16,1000,861071.8231641005,8610.718231641005,0.998,515.8435023256626
100,500,0.2,5,1.0,0.3,17,1000,860888.0680928433,8608.880680928432,0.998,537.8937095688499
100,500,0.2,5,1.0,0.3,18,1000,863464.3421671118,8634.643421671119,0.997,500.25744752531244
100,500,0.2,5,1.0,0.3,19,1000,863112.1899517833,8631.121899517833,0.999,502.27356229500583
100,500,0.2,5,1.0,0.3,20,1000,864219.8920095642,8642.198920095641,0.997,508.57039978144945
100,500,0.2,5,1.0,0.3,21,1000,860300.9231183296,8603.009231183296,0.999,510.1524026089699
100,500,0.2,5,1.0,0.3,22,1000,861659.4768944285,8616.594768944286,1.0,499.4816531571867
100,500,0.2,5,1.0,0.3,23,1000,861480.3894429703,8614.803894429702,0.999,521.6036237476085
100,500,0.2,5,1.0,0.3,24,1000,862739.1757165653,8627.391757165653,0.999,495.23539160800834
100,500,0.2,5,1.0,0.3,25,1000,860387.0527444211,8603.87052744421,0.997,502.6068711837435
100,500,0.2,5,1.0,0.3,26,1000,863956.7358515238,8639.567358515238,0.997,513.2157404629207
100,500,0.2,5,1.0,0.3,27,1000,860177.4153635686,8601.774153635686,0.999,511.87698287931744
100,500,0.2,5,1.0,0.3,28,1000,863386.9286501892,8633.869286501891,1.0,512.3133615553226
100,500,0.2,5,1.0,0.3,29,1000,861811.7407123568,8618.117407123567,1.0,491.80991274195213
100,500,0.2,5,1.0,0.3,30,1000,861286.5398301863,8612.865398301863,1.0,524.4011868540489
100,500,0.2,5,1.0,0.3,31,1000,863014.5202532603,8630.145202532603,0.999,472.42916526603483
100,500,0.2,5,1.0,0.3,32,1000,861545.6097234687,8615.456097234686,0.999,522.3856799386169
100,500,0.2,5,1.0,0.3,33,1000,860268.7027330393,8602.687027330392,0.998,530.4581719888672
100,500,0.2,5,1.0,0.3,34,1000,861136.3875337356,8611.363875337356,0.998,494.13345401863023
100,500,0.2,5,1.0,0.3,35,1000,861405.5854880121,8614.05585488012,0.998,498.61603844132
100,500,0.2,5,1.0,0.3,36,1000,861289.3805507817,8612.893805507818,0.996,507.65138176297967
100,500,0.2,5,1.0,0.3,37,1000,864015.7483723853,8640.157483723853,0.998,505.9654628511499
100,500,0.2,5,1.0,0.3,38,1000,861094.2266351583,8610.942266351583,1.0,495.8520593513806
100,500,0.2,5,1.0,0.3,39,1000,860798.5466555031,8607.98546655503,0.999,522.9513839284527
100,500,0.2,5,1.0,0.3,40,1000,865178.4016490331,8651.78401649033,0.998,502.2967690813536
100,500,0.2,5,1.0,0.3,41,1000,863551.1077077205,8635.511077077204,0.997,493.663176110046
100,500,0.2,5,1.0,0.3,42,1000,861333.6505377614,8613.336505377614,0.998,491.886286496281
100,500,0.2,5,1.0,0.3,43,1000,861990.9804751885,8619.909804751886,0.999,491.34773676847817
100,500,0.2,5,1.0,0.3,44,1000,861560.8384392151,8615.608384392151,1.0,490.6400494663889
100,500,0.2,5,1.0,0.3,45,1000,862691.3798816927,8626.913798816928,1.0,500.73275709504543
100,500,0.2,5,1.0,0.3,46,1000,862817.4763835744,8628.174763835745,0.999,501.612790576868
100,500,0.2,5,1.0,0.3,47,1000,862701.4255673919,8627.01425567392,0.997,503.0457910453204
100,500,0.2,5,1.0,0.3,48,1000,862095.8561542184,8620.958561542184,1.0,508.8968626289493
100,500,0.2,5,1.0,0.3,49,1000,861183.2828342788,8611.832828342787,1.0,530.932895770923
100,500,0.2,5,1.0,0.35,0,1000,827885.4330916022,8278.854330916021,1.0,492.3271203285191
100,500,0.2,5,1.0,0.35,1,1000,830938.1789389998,8309.381789389998,0.998,480.9183826093428
100,500,0.2,5,1.0,0.35,2,1000,832333.3844269386,8323.333844269386,1.0,436.94535126947795
100,500,0.2,5,1.0,0.35,3,1000,833093.3775444891,8330.933775444892,1.0,464.4575699713819
100,500,0.2,5,1.0,0.35,4,1000,830998.7128612153,8309.987128612154,1.0,469.6429785007635
100,500,0.2,5,1.0,0.35,5,1000,832199.1612662582,8321.991612662583,1.0,460.18417199643767
100,500,0.2,5,1.0,0.35,6,1000,831286.6387690617,8312.866387690616,0.999,464.73003414895896
100,500,0.2,5,1.0,0.35,7,1000,830533.6430070571,8305.33643007057,1.0,459.308599639732
100,500,0.2,5,1.0,0.35,8,1000,829085.6569444895,8290.856569444895,0.998,469.67784200481736
100,500,0.2,5,1.0,0.35,9,1000,831486.9242438978,8314.869242438977,0.999,451.95894969355993
100,500,0.2,5,1.0,0.35,10,1000,830088.2277234584,8300.882277234585,1.0,451.1176097869046
100,500,0.2,5,1.0,0.35,11,1000,829219.1750480924,8292.191750480924,1.0,473.99814003718745
100,500,0.2,5,1.0,0.35,12,1000,829297.6049737069,8292.976049737068,0.998,453.1156711008311
100,500,0.2,5,1.0,0.35,13,1000,831064.4772663485,8310.644772663485,0.998,458.1756979886989
100,500,0.2,5,1.0,0.35,14,1000,829451.1381464218,8294.511381464217,1.0,470.31932678834244
100,500,0.2,5,1.0,0.35,15,1000,831909.1686819023,8319.091686819023,1.0,463.7019956254791
100,500,0.2,5,1.0,0.35,16,1000,831687.693300078,8316.87693300078,0.998,478.8001123539655
100,500,0.2,5,1.0,0.35,17,1000,830987.9987620893,8309.879987620892,0.999,443.4422106351333
100,500,0.2,5,1.0,0.35,18,1000,831434.4294344187,8314.344294344186,1.0,469.47401134563967
100,500,0.2,5,1.0,0.35,19,1000,830643.2407821645,8306.432407821645,1.0,447.0001926520119
100,500,0.2,5,1.0,0.35,20,1000,833453.087173248,8334.530871732479,1.0,464.4086227306846
100,500,0.2,5,1.0,0.35,21,1000,830708.8453083645,8307.088453083645,0.999,465.7935412140277
100,500,0.2,5,1.0,0.35,22,1000,833204.8229140303,8332.048229140302,0.999,463.9840507398484
100,500,0.2,5,1.0,0.35,23,1000,832099.9866628116,8320.999866628115,0.999,448.5475760266654
100,500,0.2,5,1.0,0.35,24,1000,828648.9796803254,8286.489796803253,0.999,471.7305921761839
100,500,0.2,5,1.0,0.35,25,1000,831157.9488231416,8311.579488231417,1.0,426.49667209899644
100,500,0.2,5,1.0,0.35,26,1000,830715.7046496494,8307.157046496495,0.999,465.4767896212233
100,500,0.2,5,1.0,0.35,27,1000,829489.5628823804,8294.895628823804,1.0,445.9973639829849
100,500,0.2,5,1.0,0.35,28,1000,830776.1934155424,8307.761934155424,1.0,476.6169678914382
100,500,0.2,5,1.0,0.35,29,1000,833020.8890756638,8330.208890756638,1.0,474.79190251117
100,500,0.2,5,1.0,0.35,30,1000,832703.6984824365,8327.036984824364,0.999,450.1634994970181
100,500,0.2,5,1.0,0.35,31,1000,829240.6941637591,8292.406941637591,1.0,471.73118441625695
100,500,0.2,5,1.0,0.35,32,1000,830112.1126205076,8301.121126205077,1.0,474.5791369797069
100,500,0.2,5,1.0,0.35,33,1000,830072.7952588457,8300.727952588457,1.0,480.11237534306713
100,500,0.2,5,1.0,0.35,34,1000,830175.6511937702,8301.756511937703,0.999,463.9394411175773
100,500,0.2,5,1.0,0.35,35,1000,829794.9487539188,8297.949487539188,1.0,451.5422214107547
100,500,0.2,5,1.0,0.35,36,1000,828835.5633666798,8288.355633666799,1.0,467.06997498617847
100,500,0.2,5,1.0,0.35,37,1000,833103.3868693556,8331.033868693556,1.0,455.13227869859423
100,500,0.2,5,1.0,0.35,38,1000,832545.9770718194,8325.459770718193,1.0,480.97054927542484
100,500,0.2,5,1.0,0.35,39,1000,830635.3432402767,8306.353432402766,1.0,482.5806564881616
100,500,0.2,5,1.0,0.35,40,1000,832357.8860764178,8323.578860764177,1.0,465.2231451061684
100,500,0.2,5,1.0,0.35,41,1000,829316.1361531663,8293.161361531664,1.0,476.2637504705629
100,500,0.2,5,1.0,0.35,42,1000,830645.901721325,8306.45901721325,0.999,468.45670903044
100,500,0.2,5,1.0,0.35,43,1000,831920.4469955796,8319.204469955796,0.999,452.48173295260256
100,500,0.2,5,1.0,0.35,44,1000,831098.0558175083,8310.980558175082,1.0,464.3751451562424
100,500,0.2,5,1.0,0.35,45,1000,830757.5420126476,8307.575420126475,0.999,454.4043359354149
100,500,0.2,5,1.0,0.35,46,1000,831449.4786847482,8314.494786847481,1.0,469.72322210818504
100,500,0.2,5,1.0,0.35,47,1000,832869.4562126462,8328.694562126462,1.0,481.72961841742625
100,500,0.2,5,1.0,0.35,48,1000,830632.6373338954,8306.326373338954,0.999,457.0453068291575
100,500,0.2,5,1.0,0.35,49,1000,830880.150658373,8308.80150658373,1.0,472.3221057199966
100,500,0.2,5,1.0,0.4,0,1000,794982.1004452313,7949.821004452313,1.0,435.9691413814588
100,500,0.2,5,1.0,0.4,1,1000,799585.1213155831,7995.851213155831,1.0,414.8135209217123
100,500,0.2,5,1.0,0.4,2,1000,800773.2858377016,8007.732858377017,0.999,424.4473688718438
100,500,0.2,5,1.0,0.4,3,1000,794732.6374248525,7947.326374248525,1.0,395.86860490495474
100,500,0.2,5,1.0,0.4,4,1000,796756.1489063426,7967.561489063426,1.0,401.73760669519265
100,500,0.2,5,1.0,0.4,5,1000,799534.1362812072,7995.3413628120725,1.0,397.84990205989885
100,500,0.2,5,1.0,0.4,6,1000,796669.2576107234,7966.692576107233,1.0,403.9990477850774
100,500,0.2,5,1.0,0.4,7,1000,798461.1742242299,7984.6117422422985,1.0,425.7353510525699
100,500,0.2,5,1.0,0.4,8,1000,802476.0843203783,8024.760843203782,1.0,409.0151223864234
100,500,0.2,5,1.0,0.4,9,1000,798873.7135055134,7988.737135055134,1.0,413.04297174473857
100,500,0.2,5,1.0,0.4,10,1000,795308.0061680884,7953.080061680884,1.0,418.6092653542023
100,500,0.2,5,1.0,0.4,11,1000,797637.2616255354,7976.372616255354,0.999,430.8528941509876
100,500,0.2,5,1.0,0.4,12,1000,797673.912074952,7976.73912074952,1.0,411.32998926021185
100,500,0.2,5,1.0,0.4,13,1000,799016.8733557514,7990.168733557514,1.0,421.9957058105666
100,500,0.2,5,1.0,0.4,14,1000,797911.9548906272,7979.119548906272,1.0,409.06249210958856
100,500,0.2,5,1.0,0.4,15,1000,796354.085707697,7963.54085707697,1.0,415.83974237014115
100,500,0.2,5,1.0,0.4,16,1000,798553.3534327007,7985.533534327007,1.0,442.31551364555474
100,500,0.2,5,1.0,0.4,17,1000,802474.7947031583,8024.747947031583,1.0,392.99887289473526
100,500,0.2,5,1.0,0.4,18,1000,801224.035707687,8012.24035707687,1.0,417.5553730186149
100,500,0.2,5,1.0,0.4,19,1000,798320.6556143112,7983.206556143112,0.999,379.18314481915763
100,500,0.2,5,1.0,0.4,20,1000,802928.8574874413,8029.288574874413,1.0,403.2076135775341
100,500,0.2,5,1.0,0.4,21,1000,797425.3725496426,7974.253725496425,1.0,439.05574207756337
100,500,0.2,5,1.0,0.4,22,1000,798035.2290828453,7980.352290828453,1.0,423.8815876066353
100,500,0.2,5,1.0,0.4,23,1000,798928.5349633057,7989.285349633057,1.0,432.5094705769013
100,500,0.2,5,1.0,0.4,24,1000,797977.7291327089,7979.777291327088,1.0,428.6272111696898
100,500,0.2,5,1.0,0.4,25,1000,797599.9974531744,7975.999974531745,0.999,405.76388531627555
100,500,0.2,5,1.0,0.4,26,1000,798647.4676314072,7986.474676314072,1.0,410.783406924517
100,500,0.2,5,1.0,0.4,27,1000,796737.4004900537,7967.374004900537,1.0,407.8665771568589
100,500,0.2,5,1.0,0.4,28,1000,795221.846288498,7952.21846288498,1.0,369.95943247580067
100,500,0.2,5,1.0,0.4,29,1000,799268.291970286,7992.68291970286,1.0,419.4117941927257
100,500,0.2,5,1.0,0.4,30,1000,799618.7028947083,7996.187028947083,1.0,425.79383113774463
100,500,0.2,5,1.0,0.4,31,1000,797900.2119710615,7979.002119710615,1.0,404.05121834518843
100,500,0.2,5,1.0,0.4,32,1000,798562.6081343717,7985.626081343717,0.999,410.9064157977637
100,500,0.2,5,1.0,0.4,33,1000,799389.9091571127,7993.899091571127,1.0,421.36691666205576
100,500,0.2,5,1.0,0.4,34,1000,798517.5824500689,7985.1758245006895,0.999,437.5371431862472
100,500,0.2,5,1.0,0.4,35,1000,798728.8443074063,7987.288443074063,1.0,397.2118947743256
100,500,0.2,5,1.0,0.4,36,1000,795884.5876663221,7958.845876663221,0.999,419.4602142736332
100,500,0.2,5,1.0,0.4,37,1000,799825.3877135149,7998.253877135148,1.0,415.18920195205277
100,500,0.2,5,1.0,0.4,38,1000,799005.6289085796,7990.0562890857955,1.0,426.5241012000628
100,500,0.2,5,1.0,0.4,39,1000,797242.774629752,7972.427746297521,1.0,414.0993921783423
100,500,0.2,5,1.0,0.4,40,1000,798800.3694486341,7988.003694486341,1.0,404.5825417860755
100,500,0.2,5,1.0,0.4,41,1000,795453.5459503907,7954.535459503907,0.999,405.3385159554947
100,500,0.2,5,1.0,0.4,42,1000,798809.0531413199,7988.090531413199,0.999,412.72634217529463
100,500,0.2,5,1.0,0.4,43,1000,802461.0377550519,8024.610377550519,1.0,436.2711289115205
100,500,0.2,5,1.0,0.4,44,1000,797731.8023797979,7977.31802379798,1.0,418.41559834459014
100,500,0.2,5,1.0,0.4,45,1000,798059.7146647391,7980.597146647391,1.0,401.67982247431877
100,500,0.2,5,1.0,0.4,46,1000,799519.6851841876,7995.196851841876,0.999,425.4269290427187
100,500,0.2,5,1.0,0.4,47,1000,800463.1876509661,8004.631876509661,1.0,396.3890122357086
100,500,0.2,5,1.0,0.4,48,1000,799247.3491465467,7992.473491465466,1.0,417.13832558182224
100,500,0.2,5,1.0,0.4,49,1000,795116.2550499598,7951.162550499597,1.0,405.38733170943226
100,500,0.2,5,1.0,0.45,0,1000,763046.8742604969,7630.4687426049695,1.0,370.38224184762936
100,500,0.2,5,1.0,0.45,1,1000,762075.8141786134,7620.758141786134,1.0,377.0642797108382
100,500,0.2,5,1.0,0.45,2,1000,761540.7097916187,7615.407097916188,1.0,373.0499340412598
100,500,0.2,5,1.0,0.45,3,1000,767244.5250415143,7672.445250415143,1.0,353.20282791645883
100,500,0.2,5,1.0,0.45,4,1000,767088.6256119901,7670.886256119901,1.0,356.3382576485973
100,500,0.2,5,1.0,0.45,5,1000,762688.0029289449,7626.880029289448,1.0,355.33225837748427
100,500,0.2,5,1.0,0.45,6,1000,760791.7527755607,7607.917527755607,1.0,354.8297335497002
100,500,0.2,5,1.0,0.45,7,1000,761390.5776046214,7613.905776046214,1.0,356.02271201921394
100,500,0.2,5,1.0,0.45,8,1000,765851.9425421256,7658.519425421256,1.0,355.2707746800942
100,500,0.2,5,1.0,0.45,9,1000,764073.2537813243,7640.732537813243,1.0,373.80763713542524
100,500,0.2,5,1.0,0.45,10,1000,764587.4846268002,7645.874846268001,1.0,366.1267128445144
100,500,0.2,5,1.0,0.45,11,1000,764921.2283760018,7649.212283760018,1.0,356.89415721094105
100,500,0.2,5,1.0,0.45,12,1000,765677.2503562819,7656.772503562819,1.0,363.3998630520151
100,500,0.2,5,1.0,0.45,13,1000,763368.9420435376,7633.689420435377,1.0,377.47644494283253
100,500,0.2,5,1.0,0.45,14,1000,765097.162339325,7650.9716233932495,1.0,354.1252777437915
100,500,0.2,5,1.0,0.45,15,1000,760398.9820619607,7603.989820619608,1.0,349.25781326248836
100,500,0.2,5,1.0,0.45,16,1000,765657.3055693756,7656.573055693756,1.0,354.86405630136227
100,500,0.2,5,1.0,0.45,17,1000,764172.6785459099,7641.726785459099,1.0,378.88413246245267
100,500,0.2,5,1.0,0.45,18,1000,766242.0182485862,7662.420182485862,1.0,370.87414968327374
100,500,0.2,5,1.0,0.45,19,1000,764711.9595086208,7647.1195950862075,1.0,395.9270316231877
100,500,0.2,5,1.0,0.45,20,1000,765307.1867898579,7653.0718678985795,1.0,357.6070377598302
100,500,0.2,5,1.0,0.45,21,1000,763265.9740725715,7632.659740725715,1.0,354.75056845743177
100,500,0.2,5,1.0,0.45,22,1000,762702.6692041239,7627.026692041239,1.0,328.85599715387264
100,500,0.2,5,1.0,0.45,23,1000,762228.8149464004,7622.288149464003,1.0,366.64859183345243
100,500,0.2,5,1.0,0.45,24,1000,762053.7368510668,7620.537368510668,1.0,379.7120248091991
100,500,0.2,5,1.0,0.45,25,1000,768443.4221769646,7684.434221769646,1.0,357.47864902056637
100,500,0.2,5,1.0,0.45,26,1000,764760.8101388569,7647.608101388569,1.0,360.93725061515767
100,500,0.2,5,1.0,0.45,27,1000,763131.2191146101,7631.312191146101,1.0,371.1435565735192
100,500,0.2,5,1.0,0.45,28,1000,766946.9068811638,7669.469068811638,1.0,382.47989495611677
100,500,0.2,5,1.0,0.45,29,1000,760149.7795080976,7601.497795080975,1.0,339.44409790483485
100,500,0.2,5,1.0,0.45,30,1000,765607.8484275204,7656.078484275204,1.0,364.2808086808306
100,500,0.2,5,1.0,0.45,31,1000,765776.0102933754,7657.760102933754,1.0,358.4341490639729
100,500,0.2,5,1.0,0.45,32,1000,764455.3374060034,7644.553374060034,1.0,366.6007563083304
100,500,0.2,5,1.0,0.45,33,1000,764589.7446298175,7645.897446298175,1.0,365.4416279347622
100,500,0.2,5,1.0,0.45,34,1000,763776.9532699988,7637.769532699987,1.0,366.9539433670236
100,500,0.2,5,1.0,0.45,35,1000,762702.8687046712,7627.028687046712,1.0,360.1170520953413
100,500,0.2,5,1.0,0.45,36,1000,763829.4300951152,7638.294300951152,1.0,352.56077585500316
100,500,0.2,5,1.0,0.45,37,1000,763522.7264225379,7635.227264225379,1.0,344.117849561594
100,500,0.2,5,1.0,0.45,38,1000,763544.4910354823,7635.444910354822,1.0,340.0181392006082
100,500,0.2,5,1.0,0.45,39,1000,764738.87246605,7647.3887246605,1.0,375.99900369195126
100,500,0.2,5,1.0,0.45,40,1000,763812.4776472717,7638.124776472717,1.0,356.86002671699686
100,500,0.2,5,1.0,0.45,41,1000,761668.2900144956,7616.682900144956,1.0,341.8399990194153
100,500,0.2,5,1.0,0.45,42,1000,767569.7697550475,7675.697697550475,1.0,344.3325432305723
100,500,0.2,5,1.0,0.45,43,1000,764054.3487437441,7640.5434874374405,1.0,370.8813018840797
100,500,0.2,5,1.0,0.45,44,1000,763160.3805421109,7631.6038054211085,1.0,371.96186380124163
100,500,0.2,5,1.0,0.45,45,1000,761752.629530497,7617.5262953049705,1.0,365.1691510896923
100,500,0.2,5,1.0,0.45,46,1000,759019.2332940842,7590.192332940842,1.0,342.2450210329774
100,500,0.2,5,1.0,0.45,47,1000,766372.3250203964,7663.723250203964,1.0,360.29254964491406
100,500,0.2,5,1.0,0.45,48,1000,764310.2372471539,7643.102372471539,1.0,344.82325604537175
100,500,0.2,5,1.0,0.45,49,1000,764688.9508570173,7646.889508570173,1.0,358.00180208811975
100,500,0.2,5,1.0,0.5,0,1000,729698.2706249668,7296.982706249668,1.0,279.35584149417605
100,500,0.2,5,1.0,0.5,1,1000,727845.547539258,7278.45547539258,1.0,260.3490216808126
100,500,0.2,5,1.0,0.5,2,1000,731035.7182943746,7310.357182943746,1.0,278.52961699979386
100,500,0.2,5,1.0,0.5,3,1000,730008.6291624381,7300.086291624381,1.0,269.9172644549609
100,500,0.2,5,1.0,0.5,4,1000,730497.9296939129,7304.979296939128,1.0,290.95833326704684
100,500,0.2,5,1.0,0.5,5,1000,728291.638579009,7282.916385790089,1.0,267.47302057549894
100,500,0.2,5,1.0,0.5,6,1000,732034.4371287511,7320.3443712875105,1.0,268.127897279304
100,500,0.2,5,1.0,0.5,7,1000,729438.9970961715,7294.389970961714,1.0,304.4711943928401
100,500,0.2,5,1.0,0.5,8,1000,730144.0700841781,7301.440700841781,1.0,276.3733764511674
100,500,0.2,5,1.0,0.5,9,1000,731859.792937427,7318.597929374269,1.0,287.91619591813134
100,500,0.2,5,1.0,0.5,10,1000,729668.1433290755,7296.681433290755,1.0,288.0185231037551
100,500,0.2,5,1.0,0.5,11,1000,729272.2984411978,7292.722984411978,1.0,292.76291973331206
100,500,0.2,5,1.0,0.5,12,1000,730130.3532600971,7301.303532600971,1.0,308.3934709924412
100,500,0.2,5,1.0,0.5,13,1000,733505.6304786952,7335.056304786952,1.0,320.7730921941599
100,500,0.2,5,1.0,0.5,14,1000,731210.2293865692,7312.102293865692,1.0,294.26902678494343
100,500,0.2,5,1.0,0.5,15,1000,729078.3299029145,7290.7832990291445,1.0,289.4796785506094
100,500,0.2,5,1.0,0.5,16,1000,732103.090435892,7321.0309043589195,1.0,268.73997202236905
100,500,0.2,5,1.0,0.5,17,1000,731925.6878707949,7319.256878707949,1.0,258.86839214799727
100,500,0.2,5,1.0,0.5,18,1000,733296.2417583823,7332.962417583823,1.0,284.1305615179532
100,500,0.2,5,1.0,0.5,19,1000,730724.08819374,7307.2408819373995,1.0,257.779792956415
100,500,0.2,5,1.0,0.5,20,1000,731255.5870555533,7312.555870555533,1.0,269.1659861895916
100,500,0.2,5,1.0,0.5,21,1000,729579.0306677914,7295.790306677914,1.0,274.6360857986261
100,500,0.2,5,1.0,0.5,22,1000,733044.4531641386,7330.444531641386,1.0,276.4393313660076
100,500,0.2,5,1.0,0.5,23,1000,728796.0547183695,7287.960547183695,1.0,245.49634313238275
100,500,0.2,5,1.0,0.5,24,1000,725434.0846423933,7254.340846423933,1.0,254.82666812122028
100,500,0.2,5,1.0,0.5,25,1000,731649.276336367,7316.49276336367,1.0,279.9472411941574
100,500,0.2,5,1.0,0.5,26,1000,727131.701318202,7271.31701318202,1.0,290.5863186151734
100,500,0.2,5,1.0,0.5,27,1000,729521.7240162797,7295.217240162797,1.0,297.71196751332036
100,500,0.2,5,1.0,0.5,28,1000,730704.1934465526,7307.0419344655265,1.0,271.15145225736313
100,500,0.2,5,1.0,0.5,29,1000,729895.9378534448,7298.959378534449,1.0,276.010344699517
100,500,0.2,5,1.0,0.5,30,1000,730346.4423110731,7303.46442311073,1.0,284.7343380767245
100,500,0.2,5,1.0,0.5,31,1000,733993.8114421994,7339.938114421994,1.0,276.04869326407544
100,500,0.2,5,1.0,0.5,32,1000,730877.964547629,7308.77964547629,1.0,292.439264005962
100,500,0.2,5,1.0,0.5,33,1000,733275.9967018606,7332.7599670186055,1.0,306.7144981131004
100,500,0.2,5,1.0,0.5,34,1000,733027.5742096405,7330.275742096405,1.0,288.9092454803329
100,500,0.2,5,1.0,0.5,35,1000,731162.02404471,7311.6202404471,1.0,292.9131548409733
100,500,0.2,5,1.0,0.5,36,1000,730619.9753850669,7306.199753850669,1.0,306.70719161644746
100,500,0.2,5,1.0,0.5,37,1000,728737.7611046261,7287.377611046261,1.0,274.98806027243984
100,500,0.2,5,1.0,0.5,38,1000,731076.0481750346,7310.760481750346,1.0,278.74825261116786
100,500,0.2,5,1.0,0.5,39,1000,727669.4677838496,7276.694677838495,1.0,250.6648245911833
100,500,0.2,5,1.0,0.5,40,1000,731470.6423000338,7314.706423000338,1.0,274.6012126565811
100,500,0.2,5,1.0,0.5,41,1000,732539.0577696965,7325.390577696965,1.0,275.18503895188195
100,500,0.2,5,1.0,0.5,42,1000,729624.6711819374,7296.2467118193745,1.0,288.5934231710297
100,500,0.2,5,1.0,0.5,43,1000,731439.0471465164,7314.3904714651635,1.0,314.9711757949175
100,500,0.2,5,1.0,0.5,44,1000,728662.1007747977,7286.621007747977,1.0,313.56519376297234
100,500,0.2,5,1.0,0.5,45,1000,728104.8244338133,7281.048244338133,1.0,282.93934978920225
100,500,0.2,5,1.0,0.5,46,1000,729842.005233798,7298.4200523379795,1.0,276.71697859251964
100,500,0.2,5,1.0,0.5,47,1000,733280.7738410424,7332.8077384104245,1.0,291.7119981585572
100,500,0.2,5,1.0,0.5,48,1000,731457.1440906975,7314.571440906975,1.0,266.5805168684078
100,500,0.2,5,1.0,0.5,49,1000,730109.8437175705,7301.098437175705,1.0,273.70623335477103
100,2000,0.05,20,1.0,0.01,0,1000,851378.2399810603,8513.782399810603,0.464,1722.1316593356103
100,2000,0.05,20,1.0,0.01,1,1000,798516.7045678918,7985.167045678918,0.434,1979.2474982457156
100,2000,0.05,20,1.0,0.01,2,1000,813486.1404337676,8134.861404337676,0.921,1911.0472611060131
100,2000,0.05,20,1.0,0.01,3,1000,810129.1161534302,8101.291161534302,0.818,1810.3715176663038
100,2000,0.05,20,1.0,0.01,4,1000,812301.0582432965,8123.010582432965,0.602,1808.1433963991567
100,2000,0.05,20,1.0,0.01,5,1000,806173.4579705031,8061.734579705031,0.62,1723.2913588162376
100,2000,0.05,20,1.0,0.01,6,1000,829891.3256001115,8298.913256001115,0.8,1795.6861860457454
100,2000,0.05,20,1.0,0.01,7,1000,825632.647360919,8256.32647360919,0.417,1901.2731190672
100,2000,0.05,20,1.0,0.01,8,1000,831491.9178213136,8314.919178213137,0.628,1875.1900409618775
100,2000,0.05,20,1.0,0.01,9,1000,848919.8494217667,8489.198494217668,0.78,1953.2967558831701
100,2000,0.05,20,1.0,0.01,10,1000,854157.3831462094,8541.573831462094,0.567,1622.22169796217
100,2000,0.05,20,1.0,0.01,11,1000,805847.9506926164,8058.479506926164,0.556,1812.398724593522
100,2000,0.05,20,1.0,0.01,12,1000,858430.5901825217,8584.305901825217,0.54,1595.562528272821
100,2000,0.05,20,1.0,0.01,13,1000,837447.6467236974,8374.476467236975,0.464,1767.7907339724122
100,2000,0.05,20,1.0,0.01,14,1000,814266.6365088859,8142.666365088859,0.462,1712.9324859721314
100,2000,0.05,20,1.0,0.01,15,1000,794264.0532738013,7942.6405327380135,0.442,1635.84299383368
100,2000,0.05,20,1.0,0.01,16,1000,824838.1857910028,8248.381857910028,0.488,1775.1489069001811
100,2000,0.05,20,1.0,0.01,17,1000,851847.3859893377,8518.473859893376,0.371,1587.8500295423632
100,2000,0.05,20,1.0,0.01,18,1000,788550.7097482906,7885.507097482906,0.441,1803.2337680302628
100,2000,0.05,20,1.0,0.01,19,1000,799577.9758672314,7995.779758672314,0.711,1915.3400763574418
100,2000,0.05,20,1.0,0.01,20,1000,832676.0418248415,8326.760418248416,0.797,1758.2076420270246
100,2000,0.05,20,1.0,0.01,21,1000,837581.3759850768,8375.813759850767,0.402,1550.576792477389
100,2000,0.05,20,1.0,0.01,22,1000,848885.7234945557,8488.857234945557,0.496,1882.2462962289414
100,2000,0.05,20,1.0,0.01,23,1000,831605.4047526125,8316.054047526124,0.553,1907.743797903693
100,2000,0.05,20,1.0,0.01,24,1000,811960.8550125052,8119.608550125052,0.429,1721.5740324746512
100,2000,0.05,20,1.0,0.01,25,1000,866022.2967074912,8660.222967074911,0.55,1615.2577341004242
100,2000,0.05,20,1.0,0.01,26,1000,817243.977790198,8172.439777901981,0.902,1951.845220782259
100,2000,0.05,20,1.0,0.01,27,1000,828581.7958280051,8285.817958280051,0.553,1776.8090311458286
100,2000,0.05,20,1.0,0.01,28,1000,850339.9083832758,8503.399083832759,0.352,1509.5602987184109
100,2000,0.05,20,1.0,0.01,29,1000,809130.8198219939,8091.308198219939,0.39,1797.9342417058579
100,2000,0.05,20,1.0,0.01,30,1000,817429.5816983514,8174.295816983515,0.559,1891.0167197869878
100,2000,0.05,20,1.0,0.01,31,1000,839623.117032506,8396.23117032506,0.56,1780.8851348059618
100,2000,0.05,20,1.0,0.01,32,1000,821334.7553846004,8213.347553846004,0.625,1973.7169573471183
100,2000,0.05,20,1.0,0.01,33,1000,833116.7859520783,8331.167859520783,0.668,1701.1541609633648
100,2000,0.05,20,1.0,0.01,34,1000,792532.0522531718,7925.320522531718,0.724,1844.0033038724644
100,2000,0.05,20,1.0,0.01,35,1000,833668.0959209339,8336.68095920934,0.483,1891.2530967351056
100,2000,0.05,20,1.0,0.01,36,1000,805242.5544570441,8052.425544570441,0.568,1945.975636248107
100,2000,0.05,20,1.0,0.01,37,1000,824218.0908922234,8242.180908922233,0.647,1837.1477032533755
100,2000,0.05,20,1.0,0.01,38,1000,811540.3874513966,8115.403874513966,0.464,1974.141638816336
100,2000,0.05,20,1.0,0.01,39,1000,791091.900189424,7910.919001894241,0.633,2031.4533990948885
100,2000,0.05,20,1.0,0.01,40,1000,828000.5912116314,8280.005912116314,0.554,1789.3046778297562
100,2000,0.05,20,1.0,0.01,41,1000,819435.8414130926,8194.358414130926,0.649,2081.919426161057
100,2000,0.05,20,1.0,0.01,42,1000,827547.6391927862,8275.476391927861,0.522,1841.6934036008909
100,2000,0.05,20,1.0,0.01,43,1000,805405.2893964165,8054.052893964165,0.801,1828.3866958503006
100,2000,0.05,20,1.0,0.01,44,1000,837984.1610524146,8379.841610524145,0.359,1700.8306772947735
100,2000,0.05,20,1.0,0.01,45,1000,801610.7138919685,8016.107138919685,0.539,2046.625237835146
100,2000,0.05,20,1.0,0.01,46,1000,818233.7698019267,8182.337698019267,0.997,1895.816194198254
100,2000,0.05,20,1.0,0.01,47,1000,783929.0260626771,7839.290260626772,0.641,2135.5478312793502
100,2000,0.05,20,1.0,0.01,48,1000,838543.5580535223,8385.435580535222,0.433,1593.4419899037919
100,2000,0.05,20,1.0,0.01,49,1000,820556.2566616038,8205.562566616038,0.397,1846.134830981433
100,2000,0.05,20,1.0,0.02,0,1000,966147.5090608401,9661.475090608401,0.294,1137.38277588178
100,2000,0.05,20,1.0,0.02,1,1000,939881.3142664768,9398.813142664767,0.363,1229.9508049533727
100,2000,0.05,20,1.0,0.02,2,1000,972656.2161237751,9726.56216123775,0.242,1009.0617150328128
100,2000,0.05,20,1.0,0.02,3,1000,946689.4930305661,9466.894930305662,0.274,1177.652553402582
100,2000,0.05,20,1.0,0.02,4,1000,944182.5757291995,9441.825757291994,0.244,1115.787449443199
100,2000,0.05,20,1.0,0.02,5,1000,942548.7071813018,9425.487071813019,0.325,1276.275943171005
100,2000,0.05,20,1.0,0.02,6,1000,959026.4983818927,9590.264983818926,0.288,1109.9357770781833
100,2000,0.05,20,1.0,0.02,7,1000,947915.3573795132,9479.153573795133,0.294,1236.0271178874068
100,2000,0.05,20,1.0,0.02,8,1000,962550.6050286031,9625.50605028603,0.236,1098.2619732622059
100,2000,0.05,20,1.0,0.02,9,1000,928476.783117064,9284.76783117064,0.361,1352.1178520453832
100,2000,0.05,20,1.0,0.02,10,1000,955746.3730580918,9557.46373058092,0.244,1080.9441354639355
100,2000,0.05,20,1.0,0.02,11,1000,928082.0159535521,9280.82015953552,0.355,1141.1517932253078
100,2000,0.05,20,1.0,0.02,12,1000,955785.6408274925,9557.856408274925,0.348,1058.7835893063059
100,2000,0.05,20,1.0,0.02,13,1000,931252.020162133,9312.52020162133,0.283,1234.8862434050784
100,2000,0.05,20,1.0,0.02,14,1000,956731.6616630022,9567.316616630022,0.323,1189.6934272666142
100,2000,0.05,20,1.0,0.02,15,1000,936437.8770246616,9364.378770246616,0.257,1190.7436320816767
100,2000,0.05,20,1.0,0.02,16,1000,950064.6977498094,9500.646977498094,0.304,1124.4366097048357
100,2000,0.05,20,1.0,0.02,17,1000,942286.2122326026,9422.862122326027,0.322,1173.937842177874
100,2000,0.05,20,1.0,0.02,18,1000,925566.3939779568,9255.663939779568,0.446,1331.4826815335466
100,2000,0.05,20,1.0,0.02,19,1000,948331.1671696436,9483.311671696436,0.413,1130.1660539951292
100,2000,0.05,20,1.0,0.02,20,1000,963550.8685452394,9635.508685452394,0.275,1024.17198643148
100,2000,0.05,20,1.0,0.02,21,1000,962813.5785186596,9628.135785186596,0.316,959.553771222934
100,2000,0.05,20,1.0,0.02,22,1000,948578.1854711102,9485.781854711102,0.324,1203.2148821252376
100,2000,0.05,20,1.0,0.02,23,1000,936605.7678674799,9366.057678674799,0.485,1262.453250334596
100,2000,0.05,20,1.0,0.02,24,1000,949565.2698969028,9495.652698969028,0.29,1128.9785550525667
100,2000,0.05,20,1.0,0.02,25,1000,951363.3128567822,9513.633128567822,0.282,1031.9458590824931
100,2000,0.05,20,1.0,0.02,26,1000,935875.5467259671,9358.75546725967,0.336,1218.892570811912
100,2000,0.05,20,1.0,0.02,27,1000,944284.7532604592,9442.847532604592,0.478,1231.472824562275
100,2000,0.05,20,1.0,0.02,28,1000,956562.0267522897,9565.620267522898,0.291,1100.4102731586463
100,2000,0.05,20,1.0,0.02,29,1000,940884.4274737509,9408.844274737508,0.353,1192.8149596959283
100,2000,0.05,20,1.0,0.02,30,1000,937272.3692957605,9372.723692957605,0.359,1333.2377158287034
100,2000,0.05,20,1.0,0.02,31,1000,934452.8448852607,9344.528448852607,0.249,1231.2362499442486
100,2000,0.05,20,1.0,0.02,32,1000,963993.4718498811,9639.934718498811,0.301,1150.4403797137738
100,2000,0.05,20,1.0,0.02,33,1000,950050.4798031675,9500.504798031676,0.41,1190.4946917698294
100,2000,0.05,20,1.0,0.02,34,1000,925338.0001719391,9253.380001719392,0.425,1142.1734451316845
100,2000,0.05,20,1.0,0.02,35,1000,956395.1457501845,9563.951457501846,0.346,1196.2035674531267
100,2000,0.05,20,1.0,0.02,36,1000,949379.8486267885,9493.798486267884,0.371,1135.0219713636793
100,2000,0.05,20,1.0,0.02,37,1000,948640.940494386,9486.40940494386,0.417,1134.811315673013
100,2000,0.05,20,1.0,0.02,38,1000,954791.1140549468,9547.911140549468,0.463,1241.3892289978653
100,2000,0.05,20,1.0,0.02,39,1000,955252.6572106628,9552.526572106628,0.358,1123.0824999510558
100,2000,0.05,20,1.0,0.02,40,1000,943789.5360813233,9437.895360813232,0.314,1380.7387068807532
100,2000,0.05,20,1.0,0.02,41,1000,957279.4423488191,9572.79442348819,0.28,1003.3438269190558
100,2000,0.05,20,1.0,0.02,42,1000,960716.3770525916,9607.163770525916,0.245,1222.564784869125
100,2000,0.05,20,1.0,0.02,43,1000,934581.4822957556,9345.814822957556,0.407,1177.076541616384
100,2000,0.05,20,1.0,0.02,44,1000,950776.3849781249,9507.76384978125,0.288,1126.77305455808
100,2000,0.05,20,1.0,0.02,45,1000,933255.3117596108,9332.553117596108,0.32,1067.5266726840903
100,2000,0.05,20,1.0,0.02,46,1000,951221.7341924015,9512.217341924015,0.275,1023.6382299555164
100,2000,0.05,20,1.0,0.02,47,1000,947690.737007613,9476.90737007613,0.392,1067.7534710209466
100,2000,0.05,20,1.0,0.02,48,1000,940349.4644152405,9403.494644152404,0.312,1211.9354838450374
100,2000,0.05,20,1.0,0.02,49,1000,943499.8984257656,9434.998984257656,0.358,1080.0484614986835
100,2000,0.05,20,1.0,0.03,0,1000,995844.6456673578,9958.446456673579,0.272,888.7250395954384
100,2000,0.05,20,1.0,0.03,1,1000,1004554.7563662438,10045.547563662438,0.242,761.3403837829551
100,2000,0.05,20,1.0,0.03,2,1000,1005663.4532744259,10056.63453274426,0.27,808.933029595138
100,2000,0.05,20,1.0,0.03,3,1000,988397.9155676259,9883.97915567626,0.287,889.951299639594
100,2000,0.05,20,1.0,0.03,4,1000,992447.5294336628,9924.475294336627,0.261,950.2844700411691
100,2000,0.05,20,1.0,0.03,5,1000,993557.3263237514,9935.573263237513,0.335,863.4898091750593
100,2000,0.05,20,1.0,0.03,6,1000,1002334.698526956,10023.34698526956,0.274,764.3850112089245
100,2000,0.05,20,1.0,0.03,7,1000,991044.6940372303,9910.446940372303,0.364,905.0982602056333
100,2000,0.05,20,1.0,0.03,8,1000,1004932.7255491173,10049.327255491173,0.276,918.6673055467176
100,2000,0.05,20,1.0,0.03,9,1000,998826.6607887102,9988.266607887103,0.266,859.671205627906
100,2000,0.05,20,1.0,0.03,10,1000,977981.093909026,9779.810939090261,0.395,1000.6836762709353
100,2000,0.05,20,1.0,0.03,11,1000,994846.9162344586,9948.469162344585,0.256,793.1095050768447
100,2000,0.05,20,1.0,0.03,12,1000,988172.5291573409,9881.725291573408,0.353,888.0650708336213
100,2000,0.05,20,1.0,0.03,13,1000,999743.5640469736,9997.435640469736,0.284,928.5369238127968
100,2000,0.05,20,1.0,0.03,14,1000,992123.722791515,9921.237227915151,0.283,1063.8307609466897
100,2000,0.05,20,1.0,0.03,15,1000,988452.4056952025,9884.524056952025,0.259,913.4177679304121
100,2000,0.05,20,1.0,0.03,16,1000,1007350.8343560237,10073.508343560237,0.28,819.5094503098477
100,2000,0.05,20,1.0,0.03,17,1000,1005249.4743254952,10052.494743254952,0.352,888.1360972033963
100,2000,0.05,20,1.0,0.03,18,1000,988838.6099964102,9888.386099964102,0.403,844.6781842536136
100,2000,0.05,20,1.0,0.03,19,1000,992762.6493117264,9927.626493117265,0.272,867.711902813268
100,2000,0.05,20,1.0,0.03,20,1000,1008756.2940828674,10087.562940828675,0.247,743.3803215357607
100,2000,0.05,20,1.0,0.03,21,1000,983912.5806183709,9839.125806183709,0.312,883.148116554152
100,2000,0.05,20,1.0,0.03,22,1000,992986.245967902,9929.86245967902,0.264,938.714141590842
100,2000,0.05,20,1.0,0.03,23,1000,991849.1479268223,9918.491479268223,0.268,943.1031443094415
100,2000,0.05,20,1.0,0.03,24,1000,995340.280377046,9953.40280377046,0.267,970.0609723911556
100,2000,0.05,20,1.0,0.03,25,1000,998101.3124224896,9981.013124224897,0.278,965.5408151250319
100,2000,0.05,20,1.0,0.03,26,1000,995711.5733960195,9957.115733960196,0.253,862.3491279262984
100,2000,0.05,20,1.0,0.03,27,1000,994573.5012907427,9945.735012907426,0.354,907.1566776173604
100,2000,0.05,20,1.0,0.03,28,1000,994586.2055555235,9945.862055555235,0.26,865.5107263769598
100,2000,0.05,20,1.0,0.03,29,1000,1001464.8882853247,10014.648882853247,0.334,938.9465139527294
100,2000,0.05,20,1.0,0.03,30,1000,1007590.2316388314,10075.902316388314,0.348,884.9831279174632
100,2000,0.05,20,1.0,0.03,31,1000,992608.4576906196,9926.084576906196,0.26,878.09721382888
100,2000,0.05,20,1.0,0.03,32,1000,1002204.4344496178,10022.044344496178,0.254,964.6584238825976
100,2000,0.05,20,1.0,0.03,33,1000,1006960.7121115155,10069.607121115154,0.256,837.1188314922376
100,2000,0.05,20,1.0,0.03,34,1000,997251.5648489539,9972.515648489538,0.283,868.783692791742
100,2000,0.05,20,1.0,0.03,35,1000,990206.6460956492,9902.066460956492,0.329,858.4332543971921
100,2000,0.05,20,1.0,0.03,36,1000,993343.1069406795,9933.431069406795,0.344,1015.366286524591
100,2000,0.05,20,1.0,0.03,37,1000,996317.3757329566,9963.173757329565,0.272,943.1004890409338
100,2000,0.05,20,1.0,0.03,38,1000,985423.9329390773,9854.239329390773,0.234,958.2026001695073
100,2000,0.05,20,1.0,0.03,39,1000,995161.2891635073,9951.612891635074,0.327,888.9136743605236
100,2000,0.05,20,1.0,0.03,40,1000,1005554.4924821632,10055.544924821632,0.253,905.7059076048429
100,2000,0.05,20,1.0,0.03,41,1000,989646.7996200304,9896.467996200305,0.287,886.1211280073284
100,2000,0.05,20,1.0,0.03,42,1000,997327.6496832779,9973.27649683278,0.233,881.3438083000879
100,2000,0.05,20,1.0,0.03,43,1000,995235.8304313614,9952.358304313615,0.326,935.6126723815611
100,2000,0.05,20,1.0,0.03,44,1000,999310.0846020475,9993.100846020474,0.209,877.9467355566994
100,2000,0.05,20,1.0,0.03,45,1000,1000569.1219849703,10005.691219849703,0.287,847.168651694029
100,2000,0.05,20,1.0,0.03,46,1000,999644.4310264091,9996.44431026409,0.271,976.9744218927693
100,2000,0.05,20,1.0,0.03,47,1000,1004484.017572324,10044.84017572324,0.282,882.8757360831522
100,2000,0.05,20,1.0,0.03,48,1000,991239.248677353,9912.39248677353,0.29,910.0618158320254
100,2000,0.05,20,1.0,0.03,49,1000,992171.432057046,9921.71432057046,0.246,867.1941370960427
100,2000,0.05,20,1.0,0.04,0,1000,1034729.025505494,10347.29025505494,0.294,617.1198449547597
100,2000,0.05,20,1.0,0.04,1,1000,1022989.0651167199,10229.8906511672,0.295,666.0075251018682
100,2000,0.05,20,1.0,0.04,2,1000,1023264.5014594438,10232.645014594438,0.285,637.9895256356892
100,2000,0.05,20,1.0,0.04,3,1000,1010214.6899551946,10102.146899551946,0.246,770.2665223476343
100,2000,0.05,20,1.0,0.04,4,1000,1015262.2824324035,10152.622824324035,0.291,727.1581605179017
100,2000,0.05,20,1.0,0.04,5,1000,1025905.2724489209,10259.05272448921,0.258,677.4357246119321
100,2000,0.05,20,1.0,0.04,6,1000,1011168.4821049646,10111.684821049646,0.309,781.9184410667142
100,2000,0.05,20,1.0,0.04,7,1000,1012588.7123600468,10125.887123600469,0.267,757.8532940442763
100,2000,0.05,20,1.0,0.04,8,1000,1022455.2009319367,10224.552009319368,0.269,658.9625681204374
100,2000,0.05,20,1.0,0.04,9,1000,1024765.8589435152,10247.658589435152,0.281,672.872748161459
100,2000,0.05,20,1.0,0.04,10,1000,1027117.4877850964,10271.174877850965,0.283,639.8035305498698
100,2000,0.05,20,1.0,0.04,11,1000,1016604.723371383,10166.04723371383,0.275,732.9856218484513
100,2000,0.05,20,1.0,0.04,12,1000,1031046.2670359025,10310.462670359026,0.302,608.7680478257535
100,2000,0.05,20,1.0,0.04,13,1000,1013918.2583161327,10139.182583161328,0.319,781.7964944637996
100,2000,0.05,20,1.0,0.04,14,1000,1022890.4851360813,10228.904851360814,0.344,790.9708359046092
100,2000,0.05,20,1.0,0.04,15,1000,1019783.8102202171,10197.838102202171,0.283,689.2271930799893
100,2000,0.05,20,1.0,0.04,16,1000,1028403.9386160017,10284.039386160017,0.3,686.2636722380691
100,2000,0.05,20,1.0,0.04,17,1000,1020002.9964083765,10200.029964083766,0.278,692.8298118180529
100,2000,0.05,20,1.0,0.04,18,1000,1013702.4863382846,10137.024863382845,0.28,837.983869710252
100,2000,0.05,20,1.0,0.04,19,1000,1012959.6203384473,10129.596203384473,0.289,723.6528347297206
100,2000,0.05,20,1.0,0.04,20,1000,1012642.2514888284,10126.422514888285,0.316,702.1678094286959
100,2000,0.05,20,1.0,0.04,21,1000,1022999.2828659269,10229.99282865927,0.263,697.8731627011642
100,2000,0.05,20,1.0,0.04,22,1000,1021841.445466933,10218.41445466933,0.26,847.8602410282604
100,2000,0.05,20,1.0,0.04,23,1000,1019529.7139646339,10195.297139646338,0.258,725.9832482129843
100,2000,0.05,20,1.0,0.04,24,1000,1021036.7784952157,10210.367784952157,0.273,683.736497933176
100,2000,0.05,20,1.0,0.04,25,1000,1024916.1430433881,10249.161430433882,0.275,748.3423828319912
100,2000,0.05,20,1.0,0.04,26,1000,1009630.2541942262,10096.302541942263,0.276,816.8457784542429
100,2000,0.05,20,1.0,0.04,27,1000,1015776.8852542781,10157.76885254278,0.269,770.1726964491082
100,2000,0.05,20,1.0,0.04,28,1000,1021244.0409240044,10212.440409240044,0.272,757.5750389155882
100,2000,0.05,20,1.0,0.04,29,1000,1028883.6413420698,10288.836413420699,0.253,723.6962163383602
100,2000,0.05,20,1.0,0.04,30,1000,1040369.2966752733,10403.692966752733,0.297,638.1034992196276
100,2000,0.05,20,1.0,0.04,31,1000,1013996.4583106546,10139.964583106546,0.32,760.3018765827769
100,2000,0.05,20,1.0,0.04,32,1000,1022632.6142844682,10226.326142844682,0.292,751.9451288802692
100,2000,0.05,20,1.0,0.04,33,1000,1013217.7828344896,10132.177828344897,0.347,823.6930166285318
100,2000,0.05,20,1.0,0.04,34,1000,1012114.609090566,10121.14609090566,0.257,746.5436255759497
100,2000,0.05,20,1.0,0.04,35,1000,1011579.489164501,10115.79489164501,0.249,828.7497118933464
100,2000,0.05,20,1.0,0.04,36,1000,1032715.9135243425,10327.159135243424,0.248,702.4063225580844
100,2000,0.05,20,1.0,0.04,37,1000,1010901.0737953784,10109.010737953784,0.28,801.3558495475945
100,2000,0.05,20,1.0,0.04,38,1000,1014579.0808391301,10145.7908083913,0.291,729.614840090396
100,2000,0.05,20,1.0,0.04,39,1000,1012718.2735780262,10127.182735780261,0.264,741.403765840744
100,2000,0.05,20,1.0,0.04,40,1000,1017936.57663497,10179.3657663497,0.275,730.8001190718717
100,2000,0.05,20,1.0,0.04,41,1000,1016808.6049840008,10168.086049840007,0.277,785.9419736598942
100,2000,0.05,20,1.0,0.04,42,1000,1023817.6323825096,10238.176323825097,0.242,661.8077602660181
100,2000,0.05,20,1.0,0.04,43,1000,1015886.1951390704,10158.861951390703,0.277,834.5099429285981
100,2000,0.05,20,1.0,0.04,44,1000,1020424.1826176794,10204.241826176794,0.269,718.4623966744775
100,2000,0.05,20,1.0,0.04,45,1000,1020230.7762855057,10202.307762855058,0.32,724.8665191157392
100,2000,0.05,20,1.0,0.04,46,1000,1022074.5204285661,10220.745204285662,0.3,718.0610555567403
100,2000,0.05,20,1.0,0.04,47,1000,1031923.0280332075,10319.230280332074,0.318,695.010672994913
100,2000,0.05,20,1.0,0.04,48,1000,1014466.3509423863,10144.663509423863,0.323,727.2323905207918
100,2000,0.05,20,1.0,0.04,49,1000,1016487.0313758075,10164.870313758074,0.282,652.2899679841277
100,2000,0.05,20,1.0,0.05,0,1000,1040445.5343377682,10404.455343377682,0.32,638.258285894877
100,2000,0.05,20,1.0,0.05,1,1000,1027715.9265193739,10277.159265193739,0.295,680.8534197974685
100,2000,0.05,20,1.0,0.05,2,1000,1028620.0259969593,10286.200259969593,0.324,609.4361957116646
100,2000,0.05,20,1.0,0.05,3,1000,1030477.2988231934,10304.772988231935,0.284,624.8842224250665
100,2000,0.05,20,1.0,0.05,4,1000,1024563.6230796557,10245.636230796557,0.32,604.7382062153357
100,2000,0.05,20,1.0,0.05,5,1000,1037545.5555951877,10375.455555951878,0.286,598.5626840499607
100,2000,0.05,20,1.0,0.05,6,1000,1031208.1096125302,10312.081096125303,0.31,698.5523096294486
100,2000,0.05,20,1.0,0.05,7,1000,1028158.8966579573,10281.588966579573,0.265,663.8673852127788
100,2000,0.05,20,1.0,0.05,8,1000,1033612.5685226881,10336.125685226882,0.382,560.7226678710564
100,2000,0.05,20,1.0,0.05,9,1000,1034047.5971414635,10340.475971414635,0.324,552.6196320563968
100,2000,0.05,20,1.0,0.05,10,1000,1035573.9918724861,10355.739918724861,0.285,678.7412105389562
100,2000,0.05,20,1.0,0.05,11,1000,1028875.1507756935,10288.751507756935,0.295,588.6998465571625
100,2000,0.05,20,1.0,0.05,12,1000,1024662.5738601685,10246.625738601684,0.33,704.8074404121105
100,2000,0.05,20,1.0,0.05,13,1000,1039725.9976372633,10397.259976372632,0.278,588.3712662615023
100,2000,0.05,20,1.0,0.05,14,1000,1044001.4981589908,10440.014981589908,0.241,585.1815610858487
100,2000,0.05,20,1.0,0.05,15,1000,1033803.827647115,10338.03827647115,0.3,608.5858052634209
100,2000,0.05,20,1.0,0.05,16,1000,1029237.0547020345,10292.370547020344,0.288,679.5176610179004
100,2000,0.05,20,1.0,0.05,17,1000,1041064.1703010809,10410.64170301081,0.331,603.3866747210991
100,2000,0.05,20,1.0,0.05,18,1000,1038285.1831036647,10382.851831036647,0.263,653.806242257866
100,2000,0.05,20,1.0,0.05,19,1000,1032924.0002739974,10329.240002739974,0.319,635.427999527106
100,2000,0.05,20,1.0,0.05,20,1000,1029343.3929957994,10293.433929957995,0.283,614.5787022126384
100,2000,0.05,20,1.0,0.05,21,1000,1041069.0606943641,10410.69060694364,0.327,584.4880949097235
100,2000,0.05,20,1.0,0.05,22,1000,1041500.5698662332,10415.005698662331,0.318,631.6102688380342
100,2000,0.05,20,1.0,0.05,23,1000,1036151.0297826293,10361.510297826293,0.292,543.7691782116781
100,2000,0.05,20,1.0,0.05,24,1000,1038962.2024088255,10389.622024088256,0.284,513.0000064585618
100,2000,0.05,20,1.0,0.05,25,1000,1037087.8739238778,10370.878739238779,0.316,595.5856526781738
100,2000,0.05,20,1.0,0.05,26,1000,1027396.0089792653,10273.960089792654,0.307,634.7052216227045
100,2000,0.05,20,1.0,0.05,27,1000,1024588.221334158,10245.88221334158,0.301,666.1538352273981
100,2000,0.05,20,1.0,0.05,28,1000,1029591.007445011,10295.91007445011,0.315,637.4822617302308
100,2000,0.05,20,1.0,0.05,29,1000,1038358.0815109764,10383.580815109764,0.32,712.2538811619521
100,2000,0.05,20,1.0,0.05,30,1000,1040464.6300070006,10404.646300070006,0.313,607.8693288096872
100,2000,0.05,20,1.0,0.05,31,1000,1028714.5729353953,10287.145729353953,0.303,708.1964824108348
100,2000,0.05,20,1.0,0.05,32,1000,1034880.4270950437,10348.804270950437,0.314,723.7599836658286
100,2000,0.05,20,1.0,0.05,33,1000,1034611.9590279472,10346.119590279472,0.325,659.9554604102423
100,2000,0.05,20,1.0,0.05,34,1000,1030341.046360631,10303.41046360631,0.331,655.2547732644731
100,2000,0.05,20,1.0,0.05,35,1000,1028729.2249894306,10287.292249894306,0.289,622.3989453210005
100,2000,0.05,20,1.0,0.05,36,1000,1035448.3071028176,10354.483071028175,0.312,648.2115244706207
100,2000,0.05,20,1.0,0.05,37,1000,1033087.3085311899,10330.8730853119,0.296,696.145989651104
100,2000,0.05,20,1.0,0.05,38,1000,1037226.7308095671,10372.267308095672,0.289,623.5521895614041
100,2000,0.05,20,1.0,0.05,39,1000,1027304.4244568645,10273.044244568644,0.379,741.0721527141833
100,2000,0.05,20,1.0,0.05,40,1000,1040012.4365856163,10400.124365856163,0.287,620.7684304585314
100,2000,0.05,20,1.0,0.05,41,1000,1038700.5901947359,10387.00590194736,0.321,601.0335198305122
100,2000,0.05,20,1.0,0.05,42,1000,1028086.825737678,10280.86825737678,0.358,622.1896070270594
100,2000,0.05,20,1.0,0.05,43,1000,1032565.8072444593,10325.658072444592,0.344,586.4338730415274
100,2000,0.05,20,1.0,0.05,44,1000,1033464.7571171158,10334.647571171157,0.293,606.8352077752374
100,2000,0.05,20,1.0,0.05,45,1000,1035664.4989287921,10356.64498928792,0.34,697.9841675130274
100,2000,0.05,20,1.0,0.05,46,1000,1027219.1654327423,10272.191654327424,0.328,671.3737402647731
100,2000,0.05,20,1.0,0.05,47,1000,1038669.6127409717,10386.696127409718,0.289,584.0247929224402
100,2000,0.05,20,1.0,0.05,48,1000,1037477.4721947921,10374.77472194792,0.289,563.6710485550218
100,2000,0.05,20,1.0,0.05,49,1000,1031049.8959853024,10310.498959853025,0.329,585.2787197997925
100,2000,0.05,20,1.0,0.06,0,1000,1051813.9430328736,10518.139430328736,0.325,511.5793441719739
100,2000,0.05,20,1.0,0.06,1,1000,1035234.3603898203,10352.343603898204,0.3,535.9941647546709
100,2000,0.05,20,1.0,0.06,2,1000,1044135.1693649602,10441.351693649602,0.298,538.8083847435373
100,2000,0.05,20,1.0,0.06,3,1000,1044243.6691295175,10442.436691295175,0.313,567.2693922871481
100,2000,0.05,20,1.0,0.06,4,1000,1030081.8564495062,10300.818564495063,0.359,626.6152132519694
100,2000,0.05,20,1.0,0.06,5,1000,1047046.022220903,10470.460222209029,0.322,554.1555022737975
100,2000,0.05,20,1.0,0.06,6,1000,1049933.5892769552,10499.335892769552,0.309,548.4291325742146
100,2000,0.05,20,1.0,0.06,7,1000,1037831.6831838649,10378.316831838649,0.326,511.274512080712
100,2000,0.05,20,1.0,0.06,8,1000,1039760.8500261654,10397.608500261653,0.328,443.06498712103945
100,2000,0.05,20,1.0,0.06,9,1000,1041327.5757851979,10413.27575785198,0.314,624.0154002380837
100,2000,0.05,20,1.0,0.06,10,1000,1040771.9319946966,10407.719319946966,0.311,518.6279309066365
100,2000,0.05,20,1.0,0.06,11,1000,1035350.4742837972,10353.504742837971,0.31,566.3236773222886
100,2000,0.05,20,1.0,0.06,12,1000,1041585.6232160514,10415.856232160513,0.352,555.3683425378423
100,2000,0.05,20,1.0,0.06,13,1000,1040814.4207766504,10408.144207766505,0.305,613.2023492025701
100,2000,0.05,20,1.0,0.06,14,1000,1049600.7384543926,10496.007384543926,0.328,499.3635870575492
100,2000,0.05,20,1.0,0.06,15,1000,1032673.5008435692,10326.735008435691,0.337,612.5153376251131
100,2000,0.05,20,1.0,0.06,16,1000,1041120.9374715447,10411.209374715447,0.315,530.3178239206186
100,2000,0.05,20,1.0,0.06,17,1000,1044614.1672674409,10446.14167267441,0.333,539.7097996210836
100,2000,0.05,20,1.0,0.06,18,1000,1042780.5495947207,10427.805495947207,0.352,563.5775829408708
100,2000,0.05,20,1.0,0.06,19,1000,1034327.9331846441,10343.279331846441,0.323,538.9549039304022
100,2000,0.05,20,1.0,0.06,20,1000,1043408.207105068,10434.08207105068,0.308,494.9739923303019
100,2000,0.05,20,1.0,0.06,21,1000,1044701.7605461795,10447.017605461795,0.364,559.9254808744347
100,2000,0.05,20,1.0,0.06,22,1000,1044094.8990186356,10440.948990186356,0.326,627.5879039621893
100,2000,0.05,20,1.0,0.06,23,1000,1036696.4572861078,10366.964572861078,0.335,593.3654451037291
100,2000,0.05,20,1.0,0.06,24,1000,1038160.8036187913,10381.608036187912,0.366,573.6629701939185
100,2000,0.05,20,1.0,0.06,25,1000,1034396.9814719218,10343.969814719218,0.34,678.4290024717423
100,2000,0.05,20,1.0,0.06,26,1000,1043991.3476904372,10439.913476904372,0.35,519.5067198382415
100,2000,0.05,20,1.0,0.06,27,1000,1042858.5951421838,10428.58595142184,0.341,582.2268558783148
100,2000,0.05,20,1.0,0.06,28,1000,1046585.7621453049,10465.85762145305,0.315,514.2706763227623
100,2000,0.05,20,1.0,0.06,29,1000,1046073.1628051704,10460.731628051704,0.31,571.4539880387144
100,2000,0.05,20,1.0,0.06,30,1000,1045736.5665711126,10457.365665711126,0.349,544.4197820715879
100,2000,0.05,20,1.0,0.06,31,1000,1038276.556295194,10382.76556295194,0.348,541.6775629208632
100,2000,0.05,20,1.0,0.06,32,1000,1045607.6811339613,10456.076811339613,0.323,544.5834086275631
100,2000,0.05,20,1.0,0.06,33,1000,1042867.9580082966,10428.679580082966,0.346,561.601923433307
100,2000,0.05,20,1.0,0.06,34,1000,1044067.8401557044,10440.678401557045,0.34,575.8180841791611
100,2000,0.05,20,1.0,0.06,35,1000,1044434.4000967162,10444.344000967163,0.326,468.01159128995613
100,2000,0.05,20,1.0,0.06,36,1000,1046800.8412809919,10468.008412809919,0.291,519.4999500277465
100,2000,0.05,20,1.0,0.06,37,1000,1034223.6688355538,10342.236688355539,0.29,524.7082434871646
100,2000,0.05,20,1.0,0.06,38,1000,1041646.9576146037,10416.469576146037,0.306,570.1484599426517
100,2000,0.05,20,1.0,0.06,39,1000,1036812.0978388182,10368.120978388182,0.324,583.1091700304094
100,2000,0.05,20,1.0,0.06,40,1000,1042003.4668309538,10420.034668309538,0.403,648.2810432950387
100,2000,0.05,20,1.0,0.06,41,1000,1046544.992762414,10465.44992762414,0.326,486.36929584913577
100,2000,0.05,20,1.0,0.06,42,1000,1039465.3106903577,10394.653106903577,0.34,557.9124272129542
100,2000,0.05,20,1.0,0.06,43,1000,1040553.5120952957,10405.535120952956,0.295,527.1509074179836
100,2000,0.05,20,1.0,0.06,44,1000,1045012.8750496441,10450.128750496442,0.287,519.0819658174171
100,2000,0.05,20,1.0,0.06,45,1000,1044969.2881902909,10449.692881902909,0.342,593.0815924525104
100,2000,0.05,20,1.0,0.06,46,1000,1041475.3011737294,10414.753011737293,0.351,497.79968732572024
100,2000,0.05,20,1.0,0.06,47,1000,1038358.2074387335,10383.582074387336,0.328,578.723558618888
100,2000,0.05,20,1.0,0.06,48,1000,1040831.2887505342,10408.312887505343,0.331,623.7694395505833
100,2000,0.05,20,1.0,0.06,49,1000,1043619.6027861434,10436.196027861435,0.32,545.1188228140463
100,2000,0.05,20,1.0,0.07,0,1000,1050433.2002358933,10504.332002358933,0.423,405.8304386786474
100,2000,0.05,20,1.0,0.07,1,1000,1037660.1190616192,10376.601190616191,0.37,542.8311074792689
100,2000,0.05,20,1.0,0.07,2,1000,1051574.7963229318,10515.747963229318,0.338,473.7965256340117
100,2000,0.05,20,1.0,0.07,3,1000,1043180.4256858653,10431.804256858653,0.365,535.7323580780471
100,2000,0.05,20,1.0,0.07,4,1000,1045427.6024006504,10454.276024006504,0.364,523.542678329777
100,2000,0.05,20,1.0,0.07,5,1000,1044621.9935442293,10446.219935442294,0.341,534.6738274185841
100,2000,0.05,20,1.0,0.07,6,1000,1048377.4447016183,10483.774447016183,0.345,411.48805794368474
100,2000,0.05,20,1.0,0.07,7,1000,1042550.8178603802,10425.5081786038,0.384,498.76649582650055
100,2000,0.05,20,1.0,0.07,8,1000,1045425.6412959702,10454.256412959701,0.347,472.3919203441641
100,2000,0.05,20,1.0,0.07,9,1000,1047237.1425443314,10472.371425443314,0.335,527.5870834830577
100,2000,0.05,20,1.0,0.07,10,1000,1044549.4256464947,10445.494256464946,0.362,469.39932909793293
100,2000,0.05,20,1.0,0.07,11,1000,1036585.2150973539,10365.852150973538,0.367,443.2439390971082
100,2000,0.05,20,1.0,0.07,12,1000,1043676.7214068964,10436.767214068963,0.37,528.6325670642797
100,2000,0.05,20,1.0,0.07,13,1000,1040919.7473449016,10409.197473449016,0.361,547.9500322218627
100,2000,0.05,20,1.0,0.07,14,1000,1041396.9747212606,10413.969747212606,0.332,528.087125748228
100,2000,0.05,20,1.0,0.07,15,1000,1044173.3730925882,10441.733730925882,0.325,482.81836061399446
100,2000,0.05,20,1.0,0.07,16,1000,1049105.9898768927,10491.059898768926,0.347,530.8681421038292
100,2000,0.05,20,1.0,0.07,17,1000,1052088.7221325685,10520.887221325685,0.337,508.39153131693763
100,2000,0.05,20,1.0,0.07,18,1000,1043018.3219374203,10430.183219374203,0.372,512.6918536829623
100,2000,0.05,20,1.0,0.07,19,1000,1040335.6771889281,10403.356771889281,0.349,497.09947098681494
100,2000,0.05,20,1.0,0.07,20,1000,1047159.3700543912,10471.593700543912,0.34,504.2817389153344
100,2000,0.05,20,1.0,0.07,21,1000,1046321.8199496596,10463.218199496596,0.348,519.0536476300359
100,2000,0.05,20,1.0,0.07,22,1000,1046226.0395223874,10462.260395223875,0.326,492.09847231451516
100,2000,0.05,20,1.0,0.07,23,1000,1041454.5940490124,10414.545940490125,0.374,577.4828890594426
100,2000,0.05,20,1.0,0.07,24,1000,1043095.0879886387,10430.950879886386,0.336,481.291079266951
100,2000,0.05,20,1.0,0.07,25,1000,1050180.0793296923,10501.800793296923,0.343,493.4416766622136
100,2000,0.05,20,1.0,0.07,26,1000,1048788.413438693,10487.88413438693,0.349,499.44014583716637
100,2000,0.05,20,1.0,0.07,27,1000,1043284.7681781023,10432.847681781022,0.404,524.1527496179481
100,2000,0.05,20,1.0,0.07,28,1000,1048080.7168180386,10480.807168180387,0.377,489.7803856197394
100,2000,0.05,20,1.0,0.07,29,1000,1040419.6886023865,10404.196886023865,0.356,558.394085640028
100,2000,0.05,20,1.0,0.07,30,1000,1048559.1070523822,10485.591070523822,0.377,576.4501552031378
100,2000,0.05,20,1.0,0.07,31,1000,1045843.2998822331,10458.43299882233,0.323,490.7547710330431
100,2000,0.05,20,1.0,0.07,32,1000,1043554.3845512805,10435.543845512806,0.355,570.8230859461203
100,2000,0.05,20,1.0,0.07,33,1000,1042911.5348663926,10429.115348663927,0.371,509.88330613710605
100,2000,0.05,20,1.0,0.07,34,1000,1049224.8614268526,10492.248614268527,0.317,511.09759741927957
100,2000,0.05,20,1.0,0.07,35,1000,1045738.7955857776,10457.387955857776,0.328,468.4436785124376
100,2000,0.05,20,1.0,0.07,36,1000,1040558.0402980834,10405.580402980835,0.331,522.3039938931499
100,2000,0.05,20,1.0,0.07,37,1000,1044055.3572207591,10440.553572207591,0.32,505.3144932874607
100,2000,0.05,20,1.0,0.07,38,1000,1048445.7720941806,10484.457720941806,0.314,551.5819825364912
100,2000,0.05,20,1.0,0.07,39,1000,1043391.4917955137,10433.914917955137,0.355,522.2602292006621
100,2000,0.05,20,1.0,0.07,40,1000,1040005.7448543963,10400.057448543963,0.359,526.2265919986929
100,2000,0.05,20,1.0,0.07,41,1000,1042027.2986879488,10420.272986879489,0.324,504.20983555796784
100,2000,0.05,20,1.0,0.07,42,1000,1045647.3837122325,10456.473837122325,0.403,528.6169862476969
100,2000,0.05,20,1.0,0.07,43,1000,1040216.8728558382,10402.168728558381,0.331,523.8470364308406
100,2000,0.05,20,1.0,0.07,44,1000,1050011.036726821,10500.11036726821,0.342,475.66433189388346
100,2000,0.05,20,1.0,0.07,45,1000,1047860.1664592023,10478.601664592023,0.339,537.4287654205455
100,2000,0.05,20,1.0,0.07,46,1000,1040402.8641575328,10404.028641575329,0.383,516.8111453225218
100,2000,0.05,20,1.0,0.07,47,1000,1048495.810397887,10484.95810397887,0.346,456.6774200363658
100,2000,0.05,20,1.0,0.07,48,1000,1044429.0403950593,10444.290403950592,0.363,485.56286315294614
100,2000,0.05,20,1.0,0.07,49,1000,1045175.754091872,10451.75754091872,0.367,579.178220099157
100,2000,0.05,20,1.0,0.08,0,1000,1050638.5037818863,10506.385037818864,0.372,392.8607193289317
100,2000,0.05,20,1.0,0.08,1,1000,1043563.3155149446,10435.633155149446,0.384,504.8243714449607
100,2000,0.05,20,1.0,0.08,2,1000,1048814.745629164,10488.14745629164,0.342,461.0876684380106
100,2000,0.05,20,1.0,0.08,3,1000,1049758.301788699,10497.583017886991,0.368,437.71006224122374
100,2000,0.05,20,1.0,0.08,4,1000,1044507.2490161208,10445.072490161208,0.395,476.9382055825453
100,2000,0.05,20,1.0,0.08,5,1000,1048056.6726564938,10480.566726564939,0.389,523.5044044297041
100,2000,0.05,20,1.0,0.08,6,1000,1044979.5863388836,10449.795863388836,0.39,421.4867051990003
100,2000,0.05,20,1.0,0.08,7,1000,1047369.6333433815,10473.696333433814,0.378,441.64179462001636
100,2000,0.05,20,1.0,0.08,8,1000,1041263.1797442504,10412.631797442504,0.385,482.5835284420143
100,2000,0.05,20,1.0,0.08,9,1000,1050588.9952275623,10505.889952275622,0.339,470.40692676015885
100,2000,0.05,20,1.0,0.08,10,1000,1041045.766082206,10410.45766082206,0.375,466.7921513898007
100,2000,0.05,20,1.0,0.08,11,1000,1044367.8922281901,10443.6789222819,0.372,471.23412328833786
100,2000,0.05,20,1.0,0.08,12,1000,1042501.4178468237,10425.014178468236,0.373,495.72538119898206
100,2000,0.05,20,1.0,0.08,13,1000,1046709.7907820712,10467.097907820711,0.353,489.5472706521218
100,2000,0.05,20,1.0,0.08,14,1000,1044163.2054581526,10441.632054581525,0.38,450.2013945568927
100,2000,0.05,20,1.0,0.08,15,1000,1049160.5257998374,10491.605257998373,0.372,468.2347520086079
100,2000,0.05,20,1.0,0.08,16,1000,1048943.5881955489,10489.43588195549,0.403,472.81369589416875
100,2000,0.05,20,1.0,0.08,17,1000,1048386.7150092679,10483.86715009268,0.359,432.7079459720815
100,2000,0.05,20,1.0,0.08,18,1000,1047348.9763196192,10473.489763196192,0.372,448.865665335573
100,2000,0.05,20,1.0,0.08,19,1000,1045302.9473176654,10453.029473176655,0.402,491.4549054831432
100,2000,0.05,20,1.0,0.08,20,1000,1050434.752369076,10504.34752369076,0.376,409.12842386567604
100,2000,0.05,20,1.0,0.08,21,1000,1049749.801191822,10497.49801191822,0.397,455.44517784173684
100,2000,0.05,20,1.0,0.08,22,1000,1049526.0532794131,10495.260532794131,0.366,437.56785128973127
100,2000,0.05,20,1.0,0.08,23,1000,1043018.347478305,10430.18347478305,0.366,481.962038414108
100,2000,0.05,20,1.0,0.08,24,1000,1041772.8674241363,10417.728674241363,0.36,477.63477111401005
100,2000,0.05,20,1.0,0.08,25,1000,1049190.9581035874,10491.909581035874,0.396,442.19799058560807
100,2000,0.05,20,1.0,0.08,26,1000,1049659.505261867,10496.595052618672,0.349,473.5896699390093
100,2000,0.05,20,1.0,0.08,27,1000,1050692.3304732973,10506.923304732973,0.367,421.0135084553517
100,2000,0.05,20,1.0,0.08,28,1000,1047594.856052722,10475.94856052722,0.407,437.41424986095734
100,2000,0.05,20,1.0,0.08,29,1000,1053691.2353859085,10536.912353859085,0.354,457.74445307350805
100,2000,0.05,20,1.0,0.08,30,1000,1051727.5509129344,10517.275509129344,0.369,439.898541628954
100,2000,0.05,20,1.0,0.08,31,1000,1045971.9433362642,10459.719433362643,0.347,479.62886567942894
100,2000,0.05,20,1.0,0.08,32,1000,1051711.8030206312,10517.118030206311,0.365,449.12404565001947
100,2000,0.05,20,1.0,0.08,33,1000,1050424.77032051,10504.247703205101,0.347,428.24500435627414
100,2000,0.05,20,1.0,0.08,34,1000,1045798.0985870182,10457.980985870183,0.384,460.6427825074258
100,2000,0.05,20,1.0,0.08,35,1000,1046813.999079533,10468.139990795331,0.341,474.77228519983316
100,2000,0.05,20,1.0,0.08,36,1000,1045036.318480486,10450.36318480486,0.391,428.33852603555704
100,2000,0.05,20,1.0,0.08,37,1000,1043549.3512058776,10435.493512058776,0.354,448.999946515038
100,2000,0.05,20,1.0,0.08,38,1000,1052649.4793589956,10526.494793589956,0.361,457.59606205711
100,2000,0.05,20,1.0,0.08,39,1000,1041973.6989022654,10419.736989022655,0.377,453.977991782149
100,2000,0.05,20,1.0,0.08,40,1000,1044582.9776743444,10445.829776743445,0.358,489.571897058788
100,2000,0.05,20,1.0,0.08,41,1000,1051530.8472665888,10515.308472665889,0.342,407.74422838293015
100,2000,0.05,20,1.0,0.08,42,1000,1047785.4655681968,10477.85465568197,0.391,517.6384029309957
100,2000,0.05,20,1.0,0.08,43,1000,1047913.3864245206,10479.133864245206,0.339,418.9953204160822
100,2000,0.05,20,1.0,0.08,44,1000,1047429.9218632681,10474.299218632681,0.365,449.2839330153459
100,2000,0.05,20,1.0,0.08,45,1000,1046960.5022723357,10469.605022723357,0.368,459.24894834841206
100,2000,0.05,20,1.0,0.08,46,1000,1049017.2952042755,10490.172952042754,0.334,454.98591302424603
100,2000,0.05,20,1.0,0.08,47,1000,1050205.2354717106,10502.052354717105,0.371,418.5222461200542
100,2000,0.05,20,1.0,0.08,48,1000,1042200.4576482462,10422.004576482463,0.392,504.0988070389066
100,2000,0.05,20,1.0,0.08,49,1000,1039907.4801416978,10399.074801416979,0.363,578.4255793695389
100,2000,0.05,20,1.0,0.09,0,1000,1047142.3618636178,10471.423618636178,0.432,390.9888804279702
100,2000,0.05,20,1.0,0.09,1,1000,1052459.1094499715,10524.591094499714,0.391,422.41991085159356
100,2000,0.05,20,1.0,0.09,2,1000,1043916.8962080835,10439.168962080836,0.429,454.2936702558859
100,2000,0.05,20,1.0,0.09,3,1000,1051336.9322951713,10513.369322951714,0.443,391.7563113859796
100,2000,0.05,20,1.0,0.09,4,1000,1048534.4607751673,10485.344607751673,0.419,422.15770267760826
100,2000,0.05,20,1.0,0.09,5,1000,1052244.9034903862,10522.449034903862,0.421,471.5032432570709
100,2000,0.05,20,1.0,0.09,6,1000,1046046.7312776677,10460.467312776676,0.397,433.22686252280386
100,2000,0.05,20,1.0,0.09,7,1000,1047226.6147738522,10472.26614773852,0.406,394.65791825931063
100,2000,0.05,20,1.0,0.09,8,1000,1054626.705122989,10546.267051229888,0.386,418.57268582301384
100,2000,0.05,20,1.0,0.09,9,1000,1046161.8929101353,10461.618929101352,0.397,416.62726108409515
100,2000,0.05,20,1.0,0.09,10,1000,1047108.3001597069,10471.083001597068,0.38,442.5206795844934
100,2000,0.05,20,1.0,0.09,11,1000,1047549.4064915469,10475.494064915469,0.368,401.00539875786956
100,2000,0.05,20,1.0,0.09,12,1000,1049935.365774313,10499.35365774313,0.402,375.40060247582875
100,2000,0.05,20,1.0,0.09,13,1000,1051073.067768997,10510.730677689971,0.381,401.7376427188597
100,2000,0.05,20,1.0,0.09,14,1000,1045035.9290085976,10450.359290085977,0.453,463.48661722692464
100,2000,0.05,20,1.0,0.09,15,1000,1051798.336061775,10517.983360617749,0.416,433.3925419033392
100,2000,0.05,20,1.0,0.09,16,1000,1045891.0686005566,10458.910686005565,0.396,388.2655502862474
100,2000,0.05,20,1.0,0.09,17,1000,1052939.5419744253,10529.395419744253,0.38,416.2146937563051
100,2000,0.05,20,1.0,0.09,18,1000,1042309.1294437665,10423.091294437665,0.386,463.48273085814236
100,2000,0.05,20,1.0,0.09,19,1000,1047891.3946270342,10478.913946270342,0.405,413.7005327484126
100,2000,0.05,20,1.0,0.09,20,1000,1049844.5895999495,10498.445895999495,0.373,435.55982883503265
100,2000,0.05,20,1.0,0.09,21,1000,1051640.197152303,10516.401971523032,0.407,393.65347643365897
100,2000,0.05,20,1.0,0.09,22,1000,1042612.5022036546,10426.125022036545,0.38,438.2809815518773
100,2000,0.05,20,1.0,0.09,23,1000,1048983.106935624,10489.83106935624,0.418,397.58025602667715
100,2000,0.05,20,1.0,0.09,24,1000,1049517.7788632705,10495.177788632705,0.403,381.4820685500343
100,2000,0.05,20,1.0,0.09,25,1000,1046311.6287008445,10463.116287008444,0.4,457.12061828138826
100,2000,0.05,20,1.0,0.09,26,1000,1043346.2248698649,10433.462248698648,0.399,474.3448351507887
100,2000,0.05,20,1.0,0.09,27,1000,1049638.8576299143,10496.388576299143,0.406,414.1850536838093
100,2000,0.05,20,1.0,0.09,28,1000,1048818.7349412362,10488.187349412363,0.412,473.56696326651576
100,2000,0.05,20,1.0,0.09,29,1000,1052795.470746745,10527.954707467448,0.399,405.7466108731858
100,2000,0.05,20,1.0,0.09,30,1000,1049888.5592274084,10498.885592274084,0.405,432.90271623682673
100,2000,0.05,20,1.0,0.09,31,1000,1049985.7113032837,10499.857113032836,0.386,381.12034576938294
100,2000,0.05,20,1.0,0.09,32,1000,1052465.3252543395,10524.653252543394,0.406,411.1609098673451
100,2000,0.05,20,1.0,0.09,33,1000,1046844.2904861566,10468.442904861566,0.399,448.9510149533044
100,2000,0.05,20,1.0,0.09,34,1000,1047139.4400003634,10471.394400003634,0.421,466.0948538135878
100,2000,0.05,20,1.0,0.09,35,1000,1048682.0954691113,10486.820954691113,0.376,449.408298082854
100,2000,0.05,20,1.0,0.09,36,1000,1049302.4436202836,10493.024436202837,0.409,390.66191265637934
100,2000,0.05,20,1.0,0.09,37,1000,1048933.8695939921,10489.338695939921,0.389,369.1082802634878
100,2000,0.05,20,1.0,0.09,38,1000,1045432.4349348368,10454.324349348368,0.386,447.2203606510911
100,2000,0.05,20,1.0,0.09,39,1000,1048356.7225447663,10483.567225447663,0.401,422.7612818954886
100,2000,0.05,20,1.0,0.09,40,1000,1047470.7714665685,10474.707714665685,0.428,379.3840891279613
100,2000,0.05,20,1.0,0.09,41,1000,1045820.7935542883,10458.207935542883,0.384,402.1150145262516
100,2000,0.05,20,1.0,0.09,42,1000,1051506.9225478552,10515.069225478552,0.42,440.13204732999435
100,2000,0.05,20,1.0,0.09,43,1000,1043315.6849800512,10433.156849800513,0.387,431.4846794026643
100,2000,0.05,20,1.0,0.09,44,1000,1050028.206835509,10500.28206835509,0.401,426.3620364958752
100,2000,0.05,20,1.0,0.09,45,1000,1049033.0662808528,10490.330662808528,0.412,406.98653625084523
100,2000,0.05,20,1.0,0.09,46,1000,1046690.2027383279,10466.90202738328,0.362,430.0529985081785
100,2000,0.05,20,1.0,0.09,47,1000,1050745.7023275688,10507.457023275689,0.392,407.56709718182714
100,2000,0.05,20,1.0,0.09,48,1000,1047340.3382933659,10473.403382933659,0.413,469.6141356021633
100,2000,0.05,20,1.0,0.09,49,1000,1046015.7359873531,10460.157359873532,0.402,422.6643595712973
100,2000,0.05,20,1.0,0.1,0,1000,1045930.8452998184,10459.308452998184,0.453,389.42203462098485
100,2000,0.05,20,1.0,0.1,1,1000,1052482.8676909616,10524.828676909616,0.412,343.601718139484
100,2000,0.05,20,1.0,0.1,2,1000,1045797.9056965297,10457.979056965296,0.43,369.5383658047431
100,2000,0.05,20,1.0,0.1,3,1000,1045104.285722452,10451.04285722452,0.417,441.0582956339179
100,2000,0.05,20,1.0,0.1,4,1000,1048382.1237497177,10483.821237497177,0.448,391.1594832060121
100,2000,0.05,20,1.0,0.1,5,1000,1048193.7446334723,10481.937446334723,0.426,429.1063676281308
100,2000,0.05,20,1.0,0.1,6,1000,1047080.6247047959,10470.806247047958,0.409,364.4825444428887
100,2000,0.05,20,1.0,0.1,7,1000,1050503.6615910188,10505.036615910189,0.415,346.3067945545552
100,2000,0.05,20,1.0,0.1,8,1000,1044751.5300956896,10447.515300956897,0.433,387.25943566915447
100,2000,0.05,20,1.0,0.1,9,1000,1043175.2892252852,10431.75289225285,0.431,443.9905604357197
100,2000,0.05,20,1.0,0.1,10,1000,1047548.2418269701,10475.482418269701,0.412,373.9382658323895
100,2000,0.05,20,1.0,0.1,11,1000,1038647.4028256588,10386.474028256587,0.402,449.22371732402695
100,2000,0.05,20,1.0,0.1,12,1000,1045752.0582778977,10457.520582778976,0.434,384.0658475286665
100,2000,0.05,20,1.0,0.1,13,1000,1051337.646898824,10513.376468988241,0.403,358.9682579885881
100,2000,0.05,20,1.0,0.1,14,1000,1045119.7709652974,10451.197709652974,0.442,417.3773684836974
100,2000,0.05,20,1.0,0.1,15,1000,1044456.3900723264,10444.563900723264,0.424,397.1281255221786
100,2000,0.05,20,1.0,0.1,16,1000,1048240.8541596653,10482.408541596653,0.469,437.2480434901473
100,2000,0.05,20,1.0,0.1,17,1000,1048404.7237613029,10484.04723761303,0.424,367.0732592837408
100,2000,0.05,20,1.0,0.1,18,1000,1047135.5143733243,10471.355143733243,0.405,381.3312474247208
100,2000,0.05,20,1.0,0.1,19,1000,1048298.5940949266,10482.985940949266,0.418,370.55499425248286
100,2000,0.05,20,1.0,0.1,20,1000,1046130.5502981652,10461.305502981651,0.429,383.95074531167234
100,2000,0.05,20,1.0,0.1,21,1000,1048556.0603789716,10485.560603789716,0.392,392.0236262737775
100,2000,0.05,20,1.0,0.1,22,1000,1046272.381732539,10462.72381732539,0.426,408.9864435394124
100,2000,0.05,20,1.0,0.1,23,1000,1048327.0846512369,10483.270846512369,0.427,364.72803343960584
100,2000,0.05,20,1.0,0.1,24,1000,1043805.4615874148,10438.054615874149,0.414,409.5937660064406
100,2000,0.05,20,1.0,0.1,25,1000,1047978.7977723057,10479.787977723057,0.392,422.5885337359878
100,2000,0.05,20,1.0,0.1,26,1000,1042028.4429422532,10420.284429422532,0.417,428.5441118383545
100,2000,0.05,20,1.0,0.1,27,1000,1044224.1950817064,10442.241950817064,0.425,396.23786816934387
100,2000,0.05,20,1.0,0.1,28,1000,1048447.0539650085,10484.470539650085,0.417,363.7950567789977
100,2000,0.05,20,1.0,0.1,29,1000,1047040.8529779245,10470.408529779244,0.447,406.56087996302983
100,2000,0.05,20,1.0,0.1,30,1000,1044257.5933768853,10442.575933768852,0.419,409.97728622800247
100,2000,0.05,20,1.0,0.1,31,1000,1048356.5513520627,10483.565513520627,0.415,390.12895295068626
100,2000,0.05,20,1.0,0.1,32,1000,1046626.1103606762,10466.261103606761,0.43,403.7650555263861
100,2000,0.05,20,1.0,0.1,33,1000,1043898.4613907369,10438.984613907369,0.453,415.81935536770357
100,2000,0.05,20,1.0,0.1,34,1000,1044093.9109495251,10440.939109495252,0.413,402.79623284085136
100,2000,0.05,20,1.0,0.1,35,1000,1049218.2711798989,10492.182711798989,0.402,405.654671141172
100,2000,0.05,20,1.0,0.1,36,1000,1049734.5801196329,10497.345801196328,0.422,356.9246947719631
100,2000,0.05,20,1.0,0.1,37,1000,1040045.3087283858,10400.453087283859,0.415,364.6774862933249
100,2000,0.05,20,1.0,0.1,38,1000,1052746.4482673807,10527.464482673808,0.397,396.73816300652896
100,2000,0.05,20,1.0,0.1,39,1000,1050730.3250389178,10507.303250389179,0.414,406.37087962302024
100,2000,0.05,20,1.0,0.1,40,1000,1046187.9636432792,10461.879636432792,0.389,384.3856822324013
100,2000,0.05,20,1.0,0.1,41,1000,1046372.0887958535,10463.720887958536,0.428,397.36696289732816
100,2000,0.05,20,1.0,0.1,42,1000,1047188.9788118089,10471.88978811809,0.43,366.80583694045737
100,2000,0.05,20,1.0,0.1,43,1000,1045497.9320229575,10454.979320229575,0.445,402.9664290600644
100,2000,0.05,20,1.0,0.1,44,1000,1046620.1707674569,10466.201707674569,0.408,332.96165431180117
100,2000,0.05,20,1.0,0.1,45,1000,1045720.0759245972,10457.200759245972,0.431,412.2257978917151
100,2000,0.05,20,1.0,0.1,46,1000,1044829.6687225846,10448.296687225846,0.451,406.2408715020805
100,2000,0.05,20,1.0,0.1,47,1000,1049331.8680666757,10493.318680666758,0.43,382.98651256434226
100,2000,0.05,20,1.0,0.1,48,1000,1050468.8687730276,10504.688687730275,0.466,353.22872847129054
100,2000,0.05,20,1.0,0.1,49,1000,1043939.5038871547,10439.395038871548,0.451,366.4169226444149
100,2000,0.05,20,1.0,0.12,0,1000,1042417.7269189464,10424.177269189464,0.486,368.92824803406364
100,2000,0.05,20,1.0,0.12,1,1000,1043214.7693149277,10432.147693149278,0.471,359.24310761723166
100,2000,0.05,20,1.0,0.12,2,1000,1039053.067817264,10390.53067817264,0.451,396.47509561517626
100,2000,0.05,20,1.0,0.12,3,1000,1044345.123686964,10443.45123686964,0.468,336.5921208533018
100,2000,0.05,20,1.0,0.12,4,1000,1040359.8784621469,10403.598784621468,0.482,400.0462321400561
100,2000,0.05,20,1.0,0.12,5,1000,1042645.2014359632,10426.452014359631,0.493,326.2208735334585
100,2000,0.05,20,1.0,0.12,6,1000,1042970.3101944706,10429.703101944706,0.477,326.0959519698368
100,2000,0.05,20,1.0,0.12,7,1000,1040972.2952034925,10409.722952034925,0.463,344.80571441232723
100,2000,0.05,20,1.0,0.12,8,1000,1038070.691449005,10380.70691449005,0.521,401.6869895234668
100,2000,0.05,20,1.0,0.12,9,1000,1042102.4700075298,10421.024700075299,0.47,345.572352066457
100,2000,0.05,20,1.0,0.12,10,1000,1042728.5238624753,10427.285238624752,0.46,376.7048803435835
100,2000,0.05,20,1.0,0.12,11,1000,1039359.665254399,10393.596652543989,0.498,332.1469972733556
100,2000,0.05,20,1.0,0.12,12,1000,1044279.2626791896,10442.792626791896,0.44,314.96012781404045
100,2000,0.05,20,1.0,0.12,13,1000,1042053.4006804044,10420.534006804044,0.471,357.5859196447747
100,2000,0.05,20,1.0,0.12,14,1000,1044399.707827618,10443.99707827618,0.471,336.1866760888682
100,2000,0.05,20,1.0,0.12,15,1000,1043448.154882603,10434.48154882603,0.476,371.15422552734844
100,2000,0.05,20,1.0,0.12,16,1000,1041415.9504803361,10414.159504803361,0.484,389.9376005661137
100,2000,0.05,20,1.0,0.12,17,1000,1041439.9794546333,10414.399794546332,0.502,350.52101955802743
100,2000,0.05,20,1.0,0.12,18,1000,1041574.6666343656,10415.746666343655,0.472,397.2663982213661
100,2000,0.05,20,1.0,0.12,19,1000,1039593.1703532395,10395.931703532395,0.498,350.4071503023295
100,2000,0.05,20,1.0,0.12,20,1000,1037833.0321190743,10378.330321190742,0.461,362.91337354893005
100,2000,0.05,20,1.0,0.12,21,1000,1041795.007183549,10417.95007183549,0.491,363.1806092901624
100,2000,0.05,20,1.0,0.12,22,1000,1041574.2560191345,10415.742560191346,0.507,369.66185473115416
100,2000,0.05,20,1.0,0.12,23,1000,1041727.8148063415,10417.278148063415,0.496,380.28438663682084
100,2000,0.05,20,1.0,0.12,24,1000,1044917.1524712988,10449.171524712989,0.466,360.19764528591145
100,2000,0.05,20,1.0,0.12,25,1000,1040345.4992207667,10403.454992207668,0.458,395.18992757213795
100,2000,0.05,20,1.0,0.12,26,1000,1044622.2288712196,10446.222288712195,0.451,350.42615407465917
100,2000,0.05,20,1.0,0.12,27,1000,1045050.2835568544,10450.502835568543,0.47,399.5783764042037
100,2000,0.05,20,1.0,0.12,28,1000,1044434.3261950813,10444.343261950813,0.493,341.028124730005
100,2000,0.05,20,1.0,0.12,29,1000,1040918.9914212642,10409.189914212642,0.48,375.73752552673534
100,2000,0.05,20,1.0,0.12,30,1000,1040021.9866281243,10400.219866281243,0.49,361.5614740923632
100,2000,0.05,20,1.0,0.12,31,1000,1042844.0409355414,10428.440409355413,0.502,322.413532466966
100,2000,0.05,20,1.0,0.12,32,1000,1041371.1976768936,10413.711976768936,0.48,383.5159576376417
100,2000,0.05,20,1.0,0.12,33,1000,1041470.6333678826,10414.706333678825,0.504,386.7015029764914
100,2000,0.05,20,1.0,0.12,34,1000,1042021.4918756704,10420.214918756705,0.444,354.4458600179747
100,2000,0.05,20,1.0,0.12,35,1000,1042388.8675306214,10423.888675306214,0.48,357.4155759061559
100,2000,0.05,20,1.0,0.12,36,1000,1043066.1837693218,10430.661837693218,0.483,342.5080226077725
100,2000,0.05,20,1.0,0.12,37,1000,1038787.3499102434,10387.873499102434,0.484,406.90289811724796
100,2000,0.05,20,1.0,0.12,38,1000,1042553.013895999,10425.53013895999,0.483,372.7066174264606
100,2000,0.05,20,1.0,0.12,39,1000,1043544.539397198,10435.44539397198,0.457,359.96047132998234
100,2000,0.05,20,1.0,0.12,40,1000,1044073.9644432727,10440.739644432726,0.477,398.9023234223252
100,2000,0.05,20,1.0,0.12,41,1000,1035193.1203675873,10351.931203675873,0.5,383.0423940237797
100,2000,0.05,20,1.0,0.12,42,1000,1042718.4987782666,10427.184987782666,0.493,367.52607858760484
100,2000,0.05,20,1.0,0.12,43,1000,1036958.4476825005,10369.584476825004,0.487,380.983840036718
100,2000,0.05,20,1.0,0.12,44,1000,1043695.173722651,10436.951737226509,0.448,374.9615331702734
100,2000,0.05,20,1.0,0.12,45,1000,1042877.1822823068,10428.771822823068,0.485,342.5574510590608
100,2000,0.05,20,1.0,0.12,46,1000,1040048.2457830982,10400.482457830982,0.499,364.1985377849895
100,2000,0.05,20,1.0,0.12,47,1000,1043136.0095322157,10431.360095322156,0.478,346.1179883097247
100,2000,0.05,20,1.0,0.12,48,1000,1044594.3923207766,10445.943923207766,0.51,334.4704707561025
100,2000,0.05,20,1.0,0.12,49,1000,1038190.8441681169,10381.90844168117,0.505,366.32289834392105
100,2000,0.05,20,1.0,0.14,0,1000,1032299.4651684721,10322.994651684721,0.549,329.25212981508605
100,2000,0.05,20,1.0,0.14,1,1000,1036003.9674931713,10360.039674931713,0.536,346.81768509413587
100,2000,0.05,20,1.0,0.14,2,1000,1032994.2344350867,10329.942344350868,0.519,357.34391873085866
100,2000,0.05,20,1.0,0.14,3,1000,1034334.3611358354,10343.343611358354,0.532,339.66670214750036
100,2000,0.05,20,1.0,0.14,4,1000,1037949.4946998577,10379.494946998577,0.499,290.3734448560277
100,2000,0.05,20,1.0,0.14,5,1000,1033750.1927392432,10337.501927392432,0.53,331.2264840529162
100,2000,0.05,20,1.0,0.14,6,1000,1034473.8150130351,10344.738150130352,0.535,313.7324183477824
100,2000,0.05,20,1.0,0.14,7,1000,1033438.0402312899,10334.3804023129,0.551,332.2432158204442
100,2000,0.05,20,1.0,0.14,8,1000,1033879.1118373737,10338.791118373738,0.541,358.6865807581586
100,2000,0.05,20,1.0,0.14,9,1000,1037328.8277177948,10373.288277177948,0.558,331.6474384362025
100,2000,0.05,20,1.0,0.14,10,1000,1033296.4936108768,10332.964936108769,0.49,281.2486709043848
100,2000,0.05,20,1.0,0.14,11,1000,1038801.6338190071,10388.016338190071,0.494,292.9701036625073
100,2000,0.05,20,1.0,0.14,12,1000,1037903.5445029818,10379.035445029818,0.517,318.3670982915085
100,2000,0.05,20,1.0,0.14,13,1000,1035278.7954780229,10352.78795478023,0.545,327.740542031544
100,2000,0.05,20,1.0,0.14,14,1000,1040131.285282604,10401.31285282604,0.517,324.3493432890418
100,2000,0.05,20,1.0,0.14,15,1000,1033609.424297877,10336.09424297877,0.496,356.02939028541357
100,2000,0.05,20,1.0,0.14,16,1000,1035619.043646956,10356.19043646956,0.52,310.5522458536697
100,2000,0.05,20,1.0,0.14,17,1000,1038347.2744729463,10383.472744729463,0.531,324.23143825966974
100,2000,0.05,20,1.0,0.14,18,1000,1037201.0169982124,10372.010169982124,0.519,340.06976748296034
100,2000,0.05,20,1.0,0.14,19,1000,1031668.4579812153,10316.684579812154,0.548,330.11459800240146
100,2000,0.05,20,1.0,0.14,20,1000,1037315.0018927734,10373.150018927734,0.549,325.15367760431263
100,2000,0.05,20,1.0,0.14,21,1000,1035113.0797010475,10351.130797010475,0.526,328.8672185647526
100,2000,0.05,20,1.0,0.14,22,1000,1036279.9761184024,10362.799761184024,0.563,307.40803923556524
100,2000,0.05,20,1.0,0.14,23,1000,1031665.4509841825,10316.654509841825,0.521,329.0035611452837
100,2000,0.05,20,1.0,0.14,24,1000,1037512.4853315885,10375.124853315885,0.53,329.31467928971995
100,2000,0.05,20,1.0,0.14,25,1000,1035852.1999833449,10358.521999833449,0.529,343.2610798964375
100,2000,0.05,20,1.0,0.14,26,1000,1030848.1486706869,10308.481486706869,0.513,378.2376524653263
100,2000,0.05,20,1.0,0.14,27,1000,1036359.5014283678,10363.595014283677,0.537,299.4015394312968
100,2000,0.05,20,1.0,0.14,28,1000,1034271.9313082261,10342.719313082262,0.535,321.9653715363815
100,2000,0.05,20,1.0,0.14,29,1000,1035993.3034060727,10359.933034060727,0.53,363.4889898092737
100,2000,0.05,20,1.0,0.14,30,1000,1038835.4658756761,10388.354658756762,0.523,269.58651289244386
100,2000,0.05,20,1.0,0.14,31,1000,1034960.1833266281,10349.60183326628,0.519,318.64915600694263
100,2000,0.05,20,1.0,0.14,32,1000,1042356.3205977508,10423.563205977509,0.519,289.28686073792994
100,2000,0.05,20,1.0,0.14,33,1000,1035794.8436640204,10357.948436640205,0.557,310.2799195392371
100,2000,0.05,20,1.0,0.14,34,1000,1035438.3694514607,10354.383694514607,0.531,350.7990162969782
100,2000,0.05,20,1.0,0.14,35,1000,1036202.4849844829,10362.024849844829,0.519,341.6354648593093
100,2000,0.05,20,1.0,0.14,36,1000,1037075.0719335674,10370.750719335674,0.53,321.1347613138086
100,2000,0.05,20,1.0,0.14,37,1000,1038377.3036086505,10383.773036086504,0.515,308.65416627708356
100,2000,0.05,20,1.0,0.14,38,1000,1036161.6792141552,10361.616792141553,0.517,349.05728321787075
100,2000,0.05,20,1.0,0.14,39,1000,1035751.3327655898,10357.513327655899,0.519,375.3568461954229
100,2000,0.05,20,1.0,0.14,40,1000,1038738.6279031781,10387.386279031782,0.505,316.7675854150126
100,2000,0.05,20,1.0,0.14,41,1000,1034481.9717709544,10344.819717709544,0.51,374.34564848807963
100,2000,0.05,20,1.0,0.14,42,1000,1036155.755175614,10361.557551756141,0.566,330.41985343601755
100,2000,0.05,20,1.0,0.14,43,1000,1030209.1580830007,10302.091580830007,0.552,339.5429065104005
100,2000,0.05,20,1.0,0.14,44,1000,1034994.8159215524,10349.948159215524,0.522,302.56440304764004
100,2000,0.05,20,1.0,0.14,45,1000,1034657.7507784389,10346.577507784388,0.535,338.7830904220926
100,2000,0.05,20,1.0,0.14,46,1000,1036188.1277699436,10361.881277699436,0.562,335.0554460675912
100,2000,0.05,20,1.0,0.14,47,1000,1037689.1599330357,10376.891599330358,0.525,335.46803554395467
100,2000,0.05,20,1.0,0.14,48,1000,1034021.4665028431,10340.21466502843,0.521,368.9104951031835
100,2000,0.05,20,1.0,0.14,49,1000,1033106.7018550481,10331.06701855048,0.543,331.6407041384718
100,2000,0.05,20,1.0,0.16,0,1000,1027641.7380026373,10276.417380026372,0.555,301.2955300881054
100,2000,0.05,20,1.0,0.16,1,1000,1030065.8231272703,10300.658231272704,0.587,292.5166701586949
100,2000,0.05,20,1.0,0.16,2,1000,1028202.5319894146,10282.025319894146,0.561,300.7536582425942
100,2000,0.05,20,1.0,0.16,3,1000,1030597.1163682545,10305.971163682545,0.573,295.7257016112236
100,2000,0.05,20,1.0,0.16,4,1000,1027318.6563752275,10273.186563752275,0.59,337.30572347692856
100,2000,0.05,20,1.0,0.16,5,1000,1028034.912547216,10280.349125472161,0.567,352.9731770029437
100,2000,0.05,20,1.0,0.16,6,1000,1030581.8659008237,10305.818659008237,0.565,309.2969798089221
100,2000,0.05,20,1.0,0.16,7,1000,1024908.6958720188,10249.086958720189,0.593,277.42908783270093
100,2000,0.05,20,1.0,0.16,8,1000,1028349.9427434197,10283.499427434197,0.572,293.2206439994938
100,2000,0.05,20,1.0,0.16,9,1000,1029390.9241546941,10293.90924154694,0.57,287.0279622758833
100,2000,0.05,20,1.0,0.16,10,1000,1026937.8346611653,10269.378346611653,0.569,275.8587855145016
100,2000,0.05,20,1.0,0.16,11,1000,1029897.095203951,10298.97095203951,0.554,298.06104438414087
100,2000,0.05,20,1.0,0.16,12,1000,1026092.4175095897,10260.924175095897,0.558,319.9023086830295
100,2000,0.05,20,1.0,0.16,13,1000,1030793.7384173039,10307.93738417304,0.567,291.59591066423474
100,2000,0.05,20,1.0,0.16,14,1000,1028674.8294858602,10286.748294858602,0.57,291.7489290792712
100,2000,0.05,20,1.0,0.16,15,1000,1025413.8086932437,10254.138086932437,0.568,344.38891658670514
100,2000,0.05,20,1.0,0.16,16,1000,1027791.9555242503,10277.919555242503,0.57,316.15581528872366
100,2000,0.05,20,1.0,0.16,17,1000,1027390.7911362508,10273.907911362508,0.594,283.2088102588116
100,2000,0.05,20,1.0,0.16,18,1000,1027938.9173755873,10279.389173755873,0.553,319.6942015209438
100,2000,0.05,20,1.0,0.16,19,1000,1026777.4532406403,10267.774532406404,0.569,343.900406230763
100,2000,0.05,20,1.0,0.16,20,1000,1026568.1675449758,10265.681675449758,0.552,297.06648703956495
100,2000,0.05,20,1.0,0.16,21,1000,1030706.5513226924,10307.065513226924,0.585,304.7465691354684
100,2000,0.05,20,1.0,0.16,22,1000,1030165.8750164987,10301.658750164986,0.57,308.8450998211717
100,2000,0.05,20,1.0,0.16,23,1000,1024639.2860671345,10246.392860671345,0.574,300.38755793750454
100,2000,0.05,20,1.0,0.16,24,1000,1026596.7316282676,10265.967316282675,0.584,310.80807521699046
100,2000,0.05,20,1.0,0.16,25,1000,1030663.6933497025,10306.636933497026,0.586,298.5852544111976
100,2000,0.05,20,1.0,0.16,26,1000,1025799.8973294463,10257.998973294463,0.563,293.17931562669156
100,2000,0.05,20,1.0,0.16,27,1000,1028490.2511895003,10284.902511895003,0.577,282.09602409096937
100,2000,0.05,20,1.0,0.16,28,1000,1029933.5151639627,10299.335151639627,0.575,283.5565516681243
100,2000,0.05,20,1.0,0.16,29,1000,1029140.9139768434,10291.409139768433,0.558,304.517187111308
100,2000,0.05,20,1.0,0.16,30,1000,1026587.7167194983,10265.877167194983,0.59,281.52565621762943
100,2000,0.05,20,1.0,0.16,31,1000,1029140.9253445028,10291.409253445028,0.552,319.97726953149265
100,2000,0.05,20,1.0,0.16,32,1000,1027611.4417290153,10276.114417290153,0.584,326.6052377332083
100,2000,0.05,20,1.0,0.16,33,1000,1027462.5007333452,10274.625007333452,0.584,271.34024637403655
100,2000,0.05,20,1.0,0.16,34,1000,1028566.4567987453,10285.664567987453,0.576,311.0544098758773
100,2000,0.05,20,1.0,0.16,35,1000,1028534.1615655961,10285.341615655962,0.565,303.4205980569141
100,2000,0.05,20,1.0,0.16,36,1000,1027243.9374993299,10272.439374993299,0.595,292.97387545396583
100,2000,0.05,20,1.0,0.16,37,1000,1026553.2008915026,10265.532008915026,0.558,320.45761755716927
100,2000,0.05,20,1.0,0.16,38,1000,1031997.0904420918,10319.970904420918,0.586,294.8253490641395
100,2000,0.05,20,1.0,0.16,39,1000,1031256.3508921032,10312.563508921032,0.559,297.3853854359749
100,2000,0.05,20,1.0,0.16,40,1000,1029668.3444950011,10296.683444950011,0.565,293.61051498745735
100,2000,0.05,20,1.0,0.16,41,1000,1028366.4910855833,10283.664910855834,0.556,316.30215894587826
100,2000,0.05,20,1.0,0.16,42,1000,1030621.6838816219,10306.216838816219,0.56,324.1477949903121
100,2000,0.05,20,1.0,0.16,43,1000,1027590.7367899204,10275.907367899204,0.562,289.2065946587907
100,2000,0.05,20,1.0,0.16,44,1000,1024059.8662945239,10240.59866294524,0.553,309.85268156117723
100,2000,0.05,20,1.0,0.16,45,1000,1027381.3030628064,10273.813030628064,0.563,326.89492333596587
100,2000,0.05,20,1.0,0.16,46,1000,1029170.5467349531,10291.705467349531,0.566,307.02410862795074
100,2000,0.05,20,1.0,0.16,47,1000,1032404.6127126435,10324.046127126434,0.571,277.0660352860106
100,2000,0.05,20,1.0,0.16,48,1000,1027731.8875192077,10277.318875192077,0.581,318.9510825628791
100,2000,0.05,20,1.0,0.16,49,1000,1030416.1996949897,10304.161996949897,0.562,277.85969368713216
100,2000,0.05,20,1.0,0.18,0,1000,1019950.9848576973,10199.509848576972,0.626,265.05534612327375
100,2000,0.05,20,1.0,0.18,1,1000,1020829.0601449637,10208.290601449637,0.609,305.7303187423624
100,2000,0.05,20,1.0,0.18,2,1000,1020520.8130569224,10205.208130569225,0.606,274.80586361188216
100,2000,0.05,20,1.0,0.18,3,1000,1021395.1333359905,10213.951333359904,0.628,279.90408054402
100,2000,0.05,20,1.0,0.18,4,1000,1019423.2119337583,10194.232119337583,0.617,300.2806179102072
100,2000,0.05,20,1.0,0.18,5,1000,1020403.9321822828,10204.039321822827,0.585,284.6586580319642
100,2000,0.05,20,1.0,0.18,6,1000,1018724.2419886889,10187.24241988689,0.613,282.77690282688366
100,2000,0.05,20,1.0,0.18,7,1000,1022204.7098041557,10222.047098041558,0.617,259.88256622909836
100,2000,0.05,20,1.0,0.18,8,1000,1018719.2944107826,10187.192944107826,0.613,280.45710791756153
100,2000,0.05,20,1.0,0.18,9,1000,1020437.5512061222,10204.375512061222,0.623,307.0127581455087
100,2000,0.05,20,1.0,0.18,10,1000,1019345.7720293611,10193.45772029361,0.63,284.7552450988405
100,2000,0.05,20,1.0,0.18,11,1000,1016386.5021312966,10163.865021312966,0.605,324.2976259246255
100,2000,0.05,20,1.0,0.18,12,1000,1016412.6098451876,10164.126098451876,0.625,319.4600703464245
100,2000,0.05,20,1.0,0.18,13,1000,1020690.4353315618,10206.904353315618,0.609,290.7155725398059
100,2000,0.05,20,1.0,0.18,14,1000,1021444.7637769964,10214.447637769965,0.599,259.2255564618758
100,2000,0.05,20,1.0,0.18,15,1000,1020002.109951664,10200.02109951664,0.633,301.4152291412569
100,2000,0.05,20,1.0,0.18,16,1000,1017366.089428666,10173.66089428666,0.615,280.0566077151302
100,2000,0.05,20,1.0,0.18,17,1000,1019786.8675576198,10197.868675576197,0.612,276.847927549842
100,2000,0.05,20,1.0,0.18,18,1000,1017890.6771847721,10178.906771847722,0.627,282.049596865589
100,2000,0.05,20,1.0,0.18,19,1000,1019308.8853859864,10193.088853859865,0.631,282.1812507750519
100,2000,0.05,20,1.0,0.18,20,1000,1022026.7841006288,10220.267841006287,0.602,277.4536697483936
100,2000,0.05,20,1.0,0.18,21,1000,1021645.1019854702,10216.451019854701,0.616,295.6474575438703
100,2000,0.05,20,1.0,0.18,22,1000,1020637.7716332539,10206.37771633254,0.635,280.9733551173663
100,2000,0.05,20,1.0,0.18,23,1000,1014663.2928926726,10146.632928926725,0.626,294.7349037603081
100,2000,0.05,20,1.0,0.18,24,1000,1018270.1275647467,10182.701275647467,0.623,288.813063310669
100,2000,0.05,20,1.0,0.18,25,1000,1024910.7069685835,10249.107069685835,0.606,275.4355230047078
100,2000,0.05,20,1.0,0.18,26,1000,1018623.6733010185,10186.236733010186,0.626,254.55095154112857
100,2000,0.05,20,1.0,0.18,27,1000,1019380.3066779905,10193.803066779905,0.626,304.3837876651758
100,2000,0.05,20,1.0,0.18,28,1000,1016499.9960802329,10164.999960802328,0.625,282.8680017755756
100,2000,0.05,20,1.0,0.18,29,1000,1021911.0079796952,10219.110079796952,0.62,265.85924009422524
100,2000,0.05,20,1.0,0.18,30,1000,1019024.1829860394,10190.241829860395,0.639,281.36583238951846
100,2000,0.05,20,1.0,0.18,31,1000,1019375.9559647347,10193.759559647347,0.658,311.22169183166426
100,2000,0.05,20,1.0,0.18,32,1000,1016590.3322124669,10165.903322124668,0.605,269.16451638498586
100,2000,0.05,20,1.0,0.18,33,1000,1017585.6265895199,10175.8562658952,0.602,288.5677815392907
100,2000,0.05,20,1.0,0.18,34,1000,1021609.9551532835,10216.099551532836,0.626,260.31011230941084
100,2000,0.05,20,1.0,0.18,35,1000,1021255.8898935883,10212.558898935882,0.622,287.21262244490276
100,2000,0.05,20,1.0,0.18,36,1000,1019854.9115273871,10198.54911527387,0.643,246.5239909116308
100,2000,0.05,20,1.0,0.18,37,1000,1016959.7388108654,10169.597388108654,0.593,273.4733693341269
100,2000,0.05,20,1.0,0.18,38,1000,1020655.767147132,10206.557671471319,0.591,305.1815058265771
100,2000,0.05,20,1.0,0.18,39,1000,1020979.5126710823,10209.795126710822,0.622,266.7369177022249
100,2000,0.05,20,1.0,0.18,40,1000,1018827.1307921911,10188.271307921912,0.608,292.4519040557805
100,2000,0.05,20,1.0,0.18,41,1000,1019791.1110171953,10197.911110171954,0.616,299.3710871201026
100,2000,0.05,20,1.0,0.18,42,1000,1020590.0058045571,10205.90005804557,0.622,260.88604119388407
100,2000,0.05,20,1.0,0.18,43,1000,1018826.5473738413,10188.265473738413,0.587,281.6728477461375
100,2000,0.05,20,1.0,0.18,44,1000,1019183.2253928771,10191.832253928771,0.619,284.48673085994596
100,2000,0.05,20,1.0,0.18,45,1000,1018536.661345304,10185.36661345304,0.61,292.4333681352949
100,2000,0.05,20,1.0,0.18,46,1000,1021802.8869496306,10218.028869496306,0.606,283.8819038795175
100,2000,0.05,20,1.0,0.18,47,1000,1021810.4846949523,10218.104846949522,0.599,288.7270938968711
100,2000,0.05,20,1.0,0.18,48,1000,1017919.8532132094,10179.198532132094,0.615,295.1374836313864
100,2000,0.05,20,1.0,0.18,49,1000,1021126.6843063077,10211.266843063077,0.595,276.5218868340887
100,2000,0.05,20,1.0,0.2,0,1000,1010448.4354308615,10104.484354308615,0.656,284.1687748847843
100,2000,0.05,20,1.0,0.2,1,1000,1009600.1078958841,10096.001078958841,0.668,264.7558398807525
100,2000,0.05,20,1.0,0.2,2,1000,1012146.7891331828,10121.467891331828,0.625,290.3241267769361
100,2000,0.05,20,1.0,0.2,3,1000,1009919.8150715858,10099.198150715858,0.662,277.3563827387065
100,2000,0.05,20,1.0,0.2,4,1000,1012697.6820400851,10126.97682040085,0.68,277.34034070608624
100,2000,0.05,20,1.0,0.2,5,1000,1012123.8968052901,10121.238968052901,0.643,271.03614127595074
100,2000,0.05,20,1.0,0.2,6,1000,1011608.5231441843,10116.085231441843,0.644,242.58170232807595
100,2000,0.05,20,1.0,0.2,7,1000,1010044.7376311985,10100.447376311984,0.659,248.67636632760684
100,2000,0.05,20,1.0,0.2,8,1000,1011963.6710433641,10119.63671043364,0.657,261.09568353458786
100,2000,0.05,20,1.0,0.2,9,1000,1011593.0599498869,10115.930599498868,0.65,273.50974558499905
100,2000,0.05,20,1.0,0.2,10,1000,1011783.2008338586,10117.832008338586,0.656,242.49039423449716
100,2000,0.05,20,1.0,0.2,11,1000,1004848.3592839086,10048.483592839086,0.659,287.18758509310163
100,2000,0.05,20,1.0,0.2,12,1000,1007998.0304456552,10079.980304456552,0.657,262.8341936310057
100,2000,0.05,20,1.0,0.2,13,1000,1010490.6900341543,10104.906900341542,0.637,264.40984672852755
100,2000,0.05,20,1.0,0.2,14,1000,1010538.4644444588,10105.384644444588,0.658,239.57345945872981
100,2000,0.05,20,1.0,0.2,15,1000,1009662.1748063227,10096.621748063226,0.674,273.036514324221
100,2000,0.05,20,1.0,0.2,16,1000,1010896.1497610451,10108.961497610451,0.662,260.95470580357176
100,2000,0.05,20,1.0,0.2,17,1000,1008557.0479350617,10085.570479350617,0.625,282.8046765688936
100,2000,0.05,20,1.0,0.2,18,1000,1009201.1376075085,10092.011376075085,0.634,274.2920736549805
100,2000,0.05,20,1.0,0.2,19,1000,1009106.4834856697,10091.064834856697,0.66,291.4326046029473
100,2000,0.05,20,1.0,0.2,20,1000,1012074.1750691597,10120.741750691597,0.622,265.9275829873547
100,2000,0.05,20,1.0,0.2,21,1000,1011288.4017497587,10112.884017497587,0.629,279.09587974785194
100,2000,0.05,20,1.0,0.2,22,1000,1012829.4198108654,10128.294198108655,0.67,215.51002415596386
100,2000,0.05,20,1.0,0.2,23,1000,1007672.8761523332,10076.728761523333,0.665,287.0622072408731
100,2000,0.05,20,1.0,0.2,24,1000,1010560.0896842006,10105.600896842006,0.626,232.60025698347852
100,2000,0.05,20,1.0,0.2,25,1000,1010251.7527657131,10102.517527657132,0.663,283.2114518556242
100,2000,0.05,20,1.0,0.2,26,1000,1008669.9763484012,10086.699763484012,0.696,250.5048655221673
100,2000,0.05,20,1.0,0.2,27,1000,1007598.4604869878,10075.984604869878,0.637,267.8332830851854
100,2000,0.05,20,1.0,0.2,28,1000,1009358.2572078216,10093.582572078216,0.68,258.61882208990863
100,2000,0.05,20,1.0,0.2,29,1000,1009522.7666344532,10095.227666344532,0.633,304.7567361100398
100,2000,0.05,20,1.0,0.2,30,1000,1010078.7656433163,10100.787656433164,0.654,255.4163933221729
100,2000,0.05,20,1.0,0.2,31,1000,1007645.7875905575,10076.457875905575,0.679,253.71230581546678
100,2000,0.05,20,1.0,0.2,32,1000,1012667.3205997727,10126.673205997728,0.644,232.45817062804244
100,2000,0.05,20,1.0,0.2,33,1000,1009073.4468643061,10090.73446864306,0.634,291.3474705655829
100,2000,0.05,20,1.0,0.2,34,1000,1010531.494762676,10105.314947626759,0.645,257.7470712607049
100,2000,0.05,20,1.0,0.2,35,1000,1009284.6974962518,10092.846974962518,0.638,260.78536587000093
100,2000,0.05,20,1.0,0.2,36,1000,1010024.5113735317,10100.245113735316,0.634,261.87524716763215
100,2000,0.05,20,1.0,0.2,37,1000,1005676.0381384012,10056.760381384012,0.661,274.2739078026095
100,2000,0.05,20,1.0,0.2,38,1000,1014796.0991071496,10147.960991071497,0.64,249.4194584631629
100,2000,0.05,20,1.0,0.2,39,1000,1010990.6535639414,10109.906535639413,0.643,254.25717226924496
100,2000,0.05,20,1.0,0.2,40,1000,1012496.0907089012,10124.960907089011,0.669,258.346750636905
100,2000,0.05,20,1.0,0.2,41,1000,1009554.1970697681,10095.54197069768,0.651,266.40785678509735
100,2000,0.05,20,1.0,0.2,42,1000,1008588.8608947987,10085.888608947986,0.648,258.436878223659
100,2000,0.05,20,1.0,0.2,43,1000,1009697.3760316082,10096.973760316083,0.644,263.7696487068338
100,2000,0.05,20,1.0,0.2,44,1000,1011929.5333756163,10119.295333756163,0.676,276.7992673675795
100,2000,0.05,20,1.0,0.2,45,1000,1010240.0040156503,10102.400040156503,0.65,260.2592141462267
100,2000,0.05,20,1.0,0.2,46,1000,1010588.169446635,10105.881694466349,0.639,270.46418927890375
100,2000,0.05,20,1.0,0.2,47,1000,1011560.0379816494,10115.600379816495,0.64,271.6503009969568
100,2000,0.05,20,1.0,0.2,48,1000,1011055.309699648,10110.55309699648,0.662,273.89587614303736
100,2000,0.05,20,1.0,0.2,49,1000,1010000.6760271189,10100.00676027119,0.637,259.91663442398135
100,2000,0.05,20,1.0,0.22,0,1000,1002083.0556713314,10020.830556713314,0.688,253.74075575373817
100,2000,0.05,20,1.0,0.22,1,1000,999503.9489957712,9995.039489957713,0.665,240.90582457871378
100,2000,0.05,20,1.0,0.22,2,1000,1000802.2957538235,10008.022957538235,0.663,269.88036472831317
100,2000,0.05,20,1.0,0.22,3,1000,998883.2739522525,9988.832739522524,0.676,255.48208834061793
100,2000,0.05,20,1.0,0.22,4,1000,1000155.1234411602,10001.551234411601,0.658,246.35235766335379
100,2000,0.05,20,1.0,0.22,5,1000,1000298.5110499052,10002.985110499052,0.688,249.97786506957385
100,2000,0.05,20,1.0,0.22,6,1000,998425.1128050195,9984.251128050195,0.663,250.32549604476634
100,2000,0.05,20,1.0,0.22,7,1000,1003943.4450206088,10039.434450206089,0.682,232.04332201179986
100,2000,0.05,20,1.0,0.22,8,1000,1002558.2244813878,10025.582244813877,0.7,253.8537968291035
100,2000,0.05,20,1.0,0.22,9,1000,1000261.5537162891,10002.615537162892,0.701,268.90572956623566
100,2000,0.05,20,1.0,0.22,10,1000,999683.0885016187,9996.830885016187,0.699,243.96161113008
100,2000,0.05,20,1.0,0.22,11,1000,999716.640394121,9997.16640394121,0.669,273.2442519995189
100,2000,0.05,20,1.0,0.22,12,1000,997665.7601129953,9976.657601129953,0.675,283.67994531639596
100,2000,0.05,20,1.0,0.22,13,1000,1002641.0222576666,10026.410222576666,0.682,238.18536208172983
100,2000,0.05,20,1.0,0.22,14,1000,1001076.4863222846,10010.764863222845,0.682,219.15674423682214
100,2000,0.05,20,1.0,0.22,15,1000,998061.3260349676,9980.613260349675,0.667,262.1522599682995
100,2000,0.05,20,1.0,0.22,16,1000,999211.9696646899,9992.119696646898,0.685,271.2805063369477
100,2000,0.05,20,1.0,0.22,17,1000,1003567.3816085854,10035.673816085853,0.689,238.4275903827837
100,2000,0.05,20,1.0,0.22,18,1000,1000371.0062889186,10003.710062889186,0.664,250.15555986858743
100,2000,0.05,20,1.0,0.22,19,1000,1000579.3668446577,10005.793668446577,0.71,272.5563847009818
100,2000,0.05,20,1.0,0.22,20,1000,1001407.2474012912,10014.072474012912,0.674,269.69094024383355
100,2000,0.05,20,1.0,0.22,21,1000,1001536.717570696,10015.36717570696,0.683,259.4358276744779
100,2000,0.05,20,1.0,0.22,22,1000,999915.8764468542,9999.158764468542,0.676,255.3411843708554
100,2000,0.05,20,1.0,0.22,23,1000,999546.5688511588,9995.46568851159,0.699,233.90694062324891
100,2000,0.05,20,1.0,0.22,24,1000,996891.8396420169,9968.91839642017,0.679,254.37624138212743
100,2000,0.05,20,1.0,0.22,25,1000,1003803.4374194738,10038.034374194738,0.683,282.6404227417873
100,2000,0.05,20,1.0,0.22,26,1000,998443.9973065672,9984.439973065671,0.691,256.56250513259255
100,2000,0.05,20,1.0,0.22,27,1000,1000057.3456312846,10000.573456312846,0.691,274.603992315962
100,2000,0.05,20,1.0,0.22,28,1000,1000643.5748195711,10006.43574819571,0.671,277.45559651065577
100,2000,0.05,20,1.0,0.22,29,1000,1002863.6991472648,10028.636991472647,0.691,250.9770708084297
100,2000,0.05,20,1.0,0.22,30,1000,998419.8410133116,9984.198410133116,0.687,265.635062676876
100,2000,0.05,20,1.0,0.22,31,1000,999942.7631594086,9999.427631594086,0.678,258.5714756035048
100,2000,0.05,20,1.0,0.22,32,1000,1002393.5819164957,10023.935819164957,0.678,249.05237734017604
100,2000,0.05,20,1.0,0.22,33,1000,1001341.0347266038,10013.410347266037,0.684,255.08343946231778
100,2000,0.05,20,1.0,0.22,34,1000,1000739.5350759174,10007.395350759174,0.688,258.6126330538147
100,2000,0.05,20,1.0,0.22,35,1000,1001190.0210757056,10011.900210757056,0.672,254.18662843581424
100,2000,0.05,20,1.0,0.22,36,1000,1000902.5445916242,10009.025445916242,0.683,225.8594069505338
100,2000,0.05,20,1.0,0.22,37,1000,1001819.0047027074,10018.190047027074,0.67,278.88459344209724
100,2000,0.05,20,1.0,0.22,38,1000,1002254.7331801729,10022.547331801728,0.699,245.37963321753392
100,2000,0.05,20,1.0,0.22,39,1000,997292.8304619238,9972.928304619238,0.693,303.4095214111916
100,2000,0.05,20,1.0,0.22,40,1000,998772.0497744664,9987.720497744664,0.663,267.1813263563973
100,2000,0.05,20,1.0,0.22,41,1000,1001129.859795151,10011.29859795151,0.693,241.38860899283557
100,2000,0.05,20,1.0,0.22,42,1000,1000293.1158914529,10002.931158914529,0.69,243.6519462994629
100,2000,0.05,20,1.0,0.22,43,1000,1002149.808450433,10021.49808450433,0.694,235.31338586802926
100,2000,0.05,20,1.0,0.22,44,1000,1000180.8258530415,10001.808258530415,0.69,246.06234445759586
100,2000,0.05,20,1.0,0.22,45,1000,1000684.9311627093,10006.849311627093,0.685,251.31488709866593
100,2000,0.05,20,1.0,0.22,46,1000,1001530.3685019896,10015.303685019897,0.665,258.06062779664023
100,2000,0.05,20,1.0,0.22,47,1000,1003968.4317382001,10039.684317382002,0.696,252.87436363626585
100,2000,0.05,20,1.0,0.22,48,1000,999693.216959811,9996.93216959811,0.676,274.70288869342755
100,2000,0.05,20,1.0,0.22,49,1000,1000778.7246047985,10007.787246047985,0.687,248.9409787733891
100,2000,0.05,20,1.0,0.24,0,1000,993231.580146886,9932.31580146886,0.705,219.36600205799513
100,2000,0.05,20,1.0,0.24,1,1000,989885.6471212406,9898.856471212406,0.725,241.56418870801485
100,2000,0.05,20,1.0,0.24,2,1000,989948.1308081171,9899.481308081171,0.706,253.35846508371563
100,2000,0.05,20,1.0,0.24,3,1000,991118.9215138624,9911.189215138624,0.723,242.50634696215647
100,2000,0.05,20,1.0,0.24,4,1000,992213.6124740858,9922.136124740857,0.702,256.97870350230426
100,2000,0.05,20,1.0,0.24,5,1000,991594.4177525954,9915.944177525955,0.709,273.2381465882999
100,2000,0.05,20,1.0,0.24,6,1000,992050.4717081161,9920.504717081161,0.705,250.61150519173958
100,2000,0.05,20,1.0,0.24,7,1000,991464.6384854977,9914.646384854977,0.73,252.32775718955327
100,2000,0.05,20,1.0,0.24,8,1000,990315.7628651237,9903.157628651237,0.724,238.29812815928707
100,2000,0.05,20,1.0,0.24,9,1000,991979.9929754132,9919.799929754132,0.73,253.006027583892
100,2000,0.05,20,1.0,0.24,10,1000,986697.486196934,9866.97486196934,0.741,236.0817588216405
100,2000,0.05,20,1.0,0.24,11,1000,990532.7101752503,9905.327101752504,0.723,242.4920284074343
100,2000,0.05,20,1.0,0.24,12,1000,986961.3399171116,9869.613399171116,0.71,257.1920903749795
100,2000,0.05,20,1.0,0.24,13,1000,991000.9737074674,9910.009737074673,0.708,237.5607214662922
100,2000,0.05,20,1.0,0.24,14,1000,989932.6221127707,9899.326221127707,0.721,245.435810580139
100,2000,0.05,20,1.0,0.24,15,1000,991467.2782508814,9914.672782508813,0.714,255.45671575814822
100,2000,0.05,20,1.0,0.24,16,1000,989922.0613351656,9899.220613351656,0.703,218.49733781886522
100,2000,0.05,20,1.0,0.24,17,1000,990206.229562876,9902.06229562876,0.713,263.97750735773917
100,2000,0.05,20,1.0,0.24,18,1000,991470.6677478697,9914.706677478698,0.737,244.82874201021207
100,2000,0.05,20,1.0,0.24,19,1000,991095.6231406522,9910.956231406522,0.724,249.36484705061665
100,2000,0.05,20,1.0,0.24,20,1000,992451.8753776357,9924.518753776358,0.706,240.08587460192197
100,2000,0.05,20,1.0,0.24,21,1000,992994.3821871779,9929.943821871779,0.725,252.6211548941422
100,2000,0.05,20,1.0,0.24,22,1000,990057.9713703555,9900.579713703555,0.721,239.9501361936945
100,2000,0.05,20,1.0,0.24,23,1000,990879.3929479686,9908.793929479685,0.723,238.3181417387232
100,2000,0.05,20,1.0,0.24,24,1000,989020.8215777952,9890.208215777951,0.709,224.94036131585338
100,2000,0.05,20,1.0,0.24,25,1000,993831.4873448372,9938.314873448371,0.704,233.37527007130726
100,2000,0.05,20,1.0,0.24,26,1000,989315.3716349308,9893.153716349309,0.706,259.3701277634326
100,2000,0.05,20,1.0,0.24,27,1000,991159.2539594077,9911.592539594078,0.686,256.9541286761649
100,2000,0.05,20,1.0,0.24,28,1000,990649.3257115077,9906.493257115077,0.702,267.251713510261
100,2000,0.05,20,1.0,0.24,29,1000,992208.4673520349,9922.084673520349,0.735,238.56045806605175
100,2000,0.05,20,1.0,0.24,30,1000,989980.3534379436,9899.803534379436,0.737,286.0914498373912
100,2000,0.05,20,1.0,0.24,31,1000,988647.0681766168,9886.470681766168,0.713,218.22353258808053
100,2000,0.05,20,1.0,0.24,32,1000,990180.4614897384,9901.804614897384,0.719,224.76129816361362
100,2000,0.05,20,1.0,0.24,33,1000,987604.3078500328,9876.043078500328,0.734,245.32434674712093
100,2000,0.05,20,1.0,0.24,34,1000,990379.0940004871,9903.790940004872,0.713,220.54757594438593
100,2000,0.05,20,1.0,0.24,35,1000,993425.1086927439,9934.25108692744,0.703,226.95754616852264
100,2000,0.05,20,1.0,0.24,36,1000,993058.9433426956,9930.589433426956,0.724,209.70676978936743
100,2000,0.05,20,1.0,0.24,37,1000,990318.7023144831,9903.187023144832,0.716,259.1926501740966
100,2000,0.05,20,1.0,0.24,38,1000,992509.5159951344,9925.095159951343,0.692,234.50437387231077
100,2000,0.05,20,1.0,0.24,39,1000,989337.6343107722,9893.376343107722,0.695,241.0522488992105
100,2000,0.05,20,1.0,0.24,40,1000,993956.1257363289,9939.56125736329,0.697,208.26789709030803
100,2000,0.05,20,1.0,0.24,41,1000,991611.2849094393,9916.112849094392,0.706,226.66790625705076
100,2000,0.05,20,1.0,0.24,42,1000,988599.800250846,9885.998002508459,0.715,264.999410028559
100,2000,0.05,20,1.0,0.24,43,1000,991125.0919162234,9911.250919162234,0.714,228.99650967393296
100,2000,0.05,20,1.0,0.24,44,1000,993175.3794328562,9931.753794328562,0.721,238.88321337370718
100,2000,0.05,20,1.0,0.24,45,1000,990542.3701356499,9905.4237013565,0.727,248.2678609624685
100,2000,0.05,20,1.0,0.24,46,1000,992126.6160321425,9921.266160321426,0.72,260.56366054716835
100,2000,0.05,20,1.0,0.24,47,1000,994520.5626266093,9945.205626266094,0.727,250.6050018999466
100,2000,0.05,20,1.0,0.24,48,1000,988756.3553975122,9887.563553975122,0.704,250.2065801466797
100,2000,0.05,20,1.0,0.24,49,1000,987889.198907488,9878.89198907488,0.717,266.1424241548028
100,2000,0.05,20,1.0,0.26,0,1000,977947.4272736193,9779.474272736194,0.717,248.49470117525138
100,2000,0.05,20,1.0,0.26,1,1000,977637.8539037713,9776.378539037712,0.75,269.50186223140634
100,2000,0.05,20,1.0,0.26,2,1000,981496.3413020242,9814.963413020241,0.749,236.08865891748886
100,2000,0.05,20,1.0,0.26,3,1000,979714.7177040002,9797.147177040002,0.724,236.2038414074105
100,2000,0.05,20,1.0,0.26,4,1000,979571.0631788878,9795.710631788877,0.754,255.08600866930954
100,2000,0.05,20,1.0,0.26,5,1000,981671.0506628347,9816.710506628348,0.75,240.78703793067297
100,2000,0.05,20,1.0,0.26,6,1000,980565.9359086718,9805.659359086718,0.733,254.96910041929917
100,2000,0.05,20,1.0,0.26,7,1000,979779.3374075663,9797.793374075663,0.751,264.66481755971114
100,2000,0.05,20,1.0,0.26,8,1000,978020.9289373866,9780.209289373866,0.773,254.86761834302848
100,2000,0.05,20,1.0,0.26,9,1000,980711.2851860723,9807.112851860724,0.752,231.46663222940364
100,2000,0.05,20,1.0,0.26,10,1000,979829.5424372486,9798.295424372487,0.746,244.77425126048306
100,2000,0.05,20,1.0,0.26,11,1000,979875.8844983316,9798.758844983317,0.747,240.05106483733147
100,2000,0.05,20,1.0,0.26,12,1000,980697.0477327643,9806.970477327643,0.729,215.92277343966978
100,2000,0.05,20,1.0,0.26,13,1000,979132.182759679,9791.32182759679,0.756,243.41248745231067
100,2000,0.05,20,1.0,0.26,14,1000,979956.3999267023,9799.563999267022,0.743,229.17967484760425
100,2000,0.05,20,1.0,0.26,15,1000,980417.1438991721,9804.171438991722,0.75,227.66719831078862
100,2000,0.05,20,1.0,0.26,16,1000,979811.9332368602,9798.119332368602,0.736,221.38180241070648
100,2000,0.05,20,1.0,0.26,17,1000,980887.7304755102,9808.877304755102,0.735,255.02162841047834
100,2000,0.05,20,1.0,0.26,18,1000,978299.8793692049,9782.998793692048,0.719,238.546846773804
100,2000,0.05,20,1.0,0.26,19,1000,980368.9195644123,9803.689195644123,0.745,240.11573530069433
100,2000,0.05,20,1.0,0.26,20,1000,981733.2839051802,9817.332839051802,0.713,189.22326081847072
100,2000,0.05,20,1.0,0.26,21,1000,981180.3755470561,9811.80375547056,0.732,235.8799258370117
100,2000,0.05,20,1.0,0.26,22,1000,980712.4689851152,9807.124689851153,0.745,247.67281822217763
100,2000,0.05,20,1.0,0.26,23,1000,981275.859106948,9812.75859106948,0.733,234.0169382900032
100,2000,0.05,20,1.0,0.26,24,1000,979807.3805431139,9798.073805431139,0.75,239.0544710511187
100,2000,0.05,20,1.0,0.26,25,1000,983469.2254743532,9834.692254743532,0.746,230.49217373871187
100,2000,0.05,20,1.0,0.26,26,1000,980106.0174162007,9801.060174162007,0.712,238.9949384449287
100,2000,0.05,20,1.0,0.26,27,1000,979852.9389842089,9798.529389842088,0.746,252.65465503454053
100,2000,0.05,20,1.0,0.26,28,1000,978557.2022969382,9785.572022969382,0.766,235.2820837603972
100,2000,0.05,20,1.0,0.26,29,1000,981436.0194099073,9814.360194099072,0.746,235.65012469647294
100,2000,0.05,20,1.0,0.26,30,1000,979173.5480796894,9791.735480796893,0.754,235.4248077404088
100,2000,0.05,20,1.0,0.26,31,1000,980310.7958115359,9803.107958115359,0.736,217.1910798542321
100,2000,0.05,20,1.0,0.26,32,1000,979171.3185791813,9791.713185791814,0.742,221.30233001215208
100,2000,0.05,20,1.0,0.26,33,1000,980835.6211018489,9808.356211018488,0.74,220.98067223072547
100,2000,0.05,20,1.0,0.26,34,1000,981069.8724785853,9810.698724785854,0.743,220.21457686246822
100,2000,0.05,20,1.0,0.26,35,1000,981746.4851917825,9817.464851917824,0.713,221.44847312787883
100,2000,0.05,20,1.0,0.26,36,1000,978995.1015721285,9789.951015721284,0.751,234.67356442775315
100,2000,0.05,20,1.0,0.26,37,1000,978894.0099630335,9788.940099630336,0.752,249.13921256899394
100,2000,0.05,20,1.0,0.26,38,1000,981171.2963136716,9811.712963136717,0.75,250.5532218045713
100,2000,0.05,20,1.0,0.26,39,1000,977728.4200277659,9777.28420027766,0.759,235.02988642334466
100,2000,0.05,20,1.0,0.26,40,1000,981352.4051379231,9813.52405137923,0.746,228.99096114538065
100,2000,0.05,20,1.0,0.26,41,1000,980643.2287279305,9806.432287279305,0.75,232.69119594546368
100,2000,0.05,20,1.0,0.26,42,1000,979591.0021866183,9795.910021866182,0.736,216.12083170307812
100,2000,0.05,20,1.0,0.26,43,1000,978748.1887096837,9787.481887096837,0.765,223.8160703220039
100,2000,0.05,20,1.0,0.26,44,1000,982255.5402966118,9822.555402966118,0.736,206.0854752172723
100,2000,0.05,20,1.0,0.26,45,1000,978992.7916367876,9789.927916367877,0.74,256.14904246506484
100,2000,0.05,20,1.0,0.26,46,1000,978410.7774753869,9784.10777475387,0.737,266.5383269199453
100,2000,0.05,20,1.0,0.26,47,1000,981451.5699929887,9814.515699929887,0.754,243.7752987148968
100,2000,0.05,20,1.0,0.26,48,1000,978965.6103638631,9789.65610363863,0.736,253.28945679280176
100,2000,0.05,20,1.0,0.26,49,1000,979878.4431406619,9798.784431406619,0.736,235.5884154388827
100,2000,0.05,20,1.0,0.28,0,1000,969504.7770147618,9695.047770147617,0.769,222.780726888548
100,2000,0.05,20,1.0,0.28,1,1000,969241.5696396547,9692.415696396547,0.755,213.9997837245457
100,2000,0.05,20,1.0,0.28,2,1000,969078.0946987141,9690.78094698714,0.759,237.33014153751242
100,2000,0.05,20,1.0,0.28,3,1000,970798.9138892054,9707.989138892055,0.736,228.95397695806267
100,2000,0.05,20,1.0,0.28,4,1000,966104.7422779313,9661.047422779313,0.78,244.71831997958446
100,2000,0.05,20,1.0,0.28,5,1000,969398.5027879069,9693.98502787907,0.76,230.91684322712567
100,2000,0.05,20,1.0,0.28,6,1000,969765.4701367305,9697.654701367304,0.794,236.83947140063646
100,2000,0.05,20,1.0,0.28,7,1000,970099.9772605981,9700.999772605981,0.775,212.56082060769475
100,2000,0.05,20,1.0,0.28,8,1000,970387.410257739,9703.87410257739,0.78,233.7633824700127
100,2000,0.05,20,1.0,0.28,9,1000,971586.2823079658,9715.862823079658,0.764,244.0657559620551
100,2000,0.05,20,1.0,0.28,10,1000,965892.406507288,9658.92406507288,0.752,234.5864595551591
100,2000,0.05,20,1.0,0.28,11,1000,965183.1071347636,9651.831071347637,0.769,245.90061002320073
100,2000,0.05,20,1.0,0.28,12,1000,968041.0493360598,9680.410493360598,0.768,238.42288799391812
100,2000,0.05,20,1.0,0.28,13,1000,969419.3149224342,9694.193149224342,0.765,245.61075990469467
100,2000,0.05,20,1.0,0.28,14,1000,966615.4532171409,9666.15453217141,0.755,238.05585092303963
100,2000,0.05,20,1.0,0.28,15,1000,968454.5374009435,9684.545374009434,0.779,254.3118202843207
100,2000,0.05,20,1.0,0.28,16,1000,965675.3321775822,9656.753321775823,0.78,255.76225823022043
100,2000,0.05,20,1.0,0.28,17,1000,969987.6808679792,9699.876808679792,0.767,198.64571822947673
100,2000,0.05,20,1.0,0.28,18,1000,968541.0329442963,9685.410329442962,0.773,250.39412577041182
100,2000,0.05,20,1.0,0.28,19,1000,967339.482724082,9673.39482724082,0.759,219.74534074594925
100,2000,0.05,20,1.0,0.28,20,1000,968822.0696196769,9688.22069619677,0.773,238.4228149983202
100,2000,0.05,20,1.0,0.28,21,1000,969193.5044191396,9691.935044191396,0.738,232.00196012433298
100,2000,0.05,20,1.0,0.28,22,1000,970633.7762564688,9706.337762564688,0.769,228.91086942355713
100,2000,0.05,20,1.0,0.28,23,1000,968627.6836818703,9686.276836818703,0.753,216.43193242783275
100,2000,0.05,20,1.0,0.28,24,1000,967537.9389260502,9675.379389260503,0.756,237.59838071398391
100,2000,0.05,20,1.0,0.28,25,1000,971316.5608982309,9713.165608982308,0.773,214.6324422246264
100,2000,0.05,20,1.0,0.28,26,1000,968849.632595605,9688.49632595605,0.76,197.4794626963285
100,2000,0.05,20,1.0,0.28,27,1000,971794.0025001549,9717.94002500155,0.754,235.7929900853502
100,2000,0.05,20,1.0,0.28,28,1000,968581.4960376276,9685.814960376276,0.755,241.0711145013005
100,2000,0.05,20,1.0,0.28,29,1000,971108.2607914472,9711.082607914472,0.769,217.9147858236722
100,2000,0.05,20,1.0,0.28,30,1000,965445.388065915,9654.45388065915,0.793,238.42142116398435
100,2000,0.05,20,1.0,0.28,31,1000,968066.0756575837,9680.660756575837,0.768,229.33782905348764
100,2000,0.05,20,1.0,0.28,32,1000,966536.2907456867,9665.362907456867,0.786,217.0767247032006
100,2000,0.05,20,1.0,0.28,33,1000,972244.9622014485,9722.449622014485,0.754,222.31877629055242
100,2000,0.05,20,1.0,0.28,34,1000,967527.9586894911,9675.27958689491,0.766,227.44913751472998
100,2000,0.05,20,1.0,0.28,35,1000,969917.9047735898,9699.179047735897,0.772,221.9536390850323
100,2000,0.05,20,1.0,0.28,36,1000,966706.648677517,9667.06648677517,0.777,188.01813309820454
100,2000,0.05,20,1.0,0.28,37,1000,971036.1094591462,9710.361094591462,0.76,198.4603602939402
100,2000,0.05,20,1.0,0.28,38,1000,970113.4327301685,9701.134327301685,0.74,230.34578887123962
100,2000,0.05,20,1.0,0.28,39,1000,967742.7856146322,9677.427856146322,0.773,210.58061314763128
100,2000,0.05,20,1.0,0.28,40,1000,971178.6691709907,9711.786691709907,0.768,208.51844961432374
100,2000,0.05,20,1.0,0.28,41,1000,970611.1194489171,9706.11119448917,0.751,213.2965213905366
100,2000,0.05,20,1.0,0.28,42,1000,969396.1597788238,9693.961597788239,0.776,236.71917661762222
100,2000,0.05,20,1.0,0.28,43,1000,967752.0369490477,9677.520369490478,0.778,220.85268432894057
100,2000,0.05,20,1.0,0.28,44,1000,971044.5639803701,9710.4456398037,0.787,220.72867018974225
100,2000,0.05,20,1.0,0.28,45,1000,968287.4472597152,9682.874472597152,0.739,234.67168456898844
100,2000,0.05,20,1.0,0.28,46,1000,970172.5792563718,9701.725792563719,0.765,237.6168568973933
100,2000,0.05,20,1.0,0.28,47,1000,969289.7575215676,9692.897575215677,0.784,213.63982557940318
100,2000,0.05,20,1.0,0.28,48,1000,969503.3865393165,9695.033865393165,0.751,238.42839762438254
100,2000,0.05,20,1.0,0.28,49,1000,968647.2614209423,9686.472614209422,0.782,205.14646722238606
100,2000,0.05,20,1.0,0.3,0,1000,957474.1532842924,9574.741532842925,0.801,244.77710144097938
100,2000,0.05,20,1.0,0.3,1,1000,961789.7315681512,9617.897315681512,0.776,211.3872827307838
100,2000,0.05,20,1.0,0.3,2,1000,955914.5267632571,9559.145267632572,0.777,235.73370965769638
100,2000,0.05,20,1.0,0.3,3,1000,959786.7727823608,9597.867727823608,0.763,211.668565208744
100,2000,0.05,20,1.0,0.3,4,1000,959576.8267864045,9595.768267864045,0.769,220.54939143872144
100,2000,0.05,20,1.0,0.3,5,1000,958681.3157764548,9586.813157764547,0.794,222.89734478810786
100,2000,0.05,20,1.0,0.3,6,1000,960203.4699718057,9602.034699718057,0.785,235.53730424995376
100,2000,0.05,20,1.0,0.3,7,1000,960100.8195220598,9601.008195220598,0.775,221.4410216262086
100,2000,0.05,20,1.0,0.3,8,1000,958440.5975928773,9584.405975928774,0.791,237.32410638210598
100,2000,0.05,20,1.0,0.3,9,1000,957529.8470681867,9575.298470681868,0.821,225.9462834656144
100,2000,0.05,20,1.0,0.3,10,1000,955162.732202362,9551.62732202362,0.798,236.29410066978463
100,2000,0.05,20,1.0,0.3,11,1000,958606.7389778405,9586.067389778405,0.767,217.9557219947152
100,2000,0.05,20,1.0,0.3,12,1000,957070.0489921649,9570.700489921648,0.793,215.03411297572003
100,2000,0.05,20,1.0,0.3,13,1000,960339.0008739235,9603.390008739236,0.797,218.83311975473714
100,2000,0.05,20,1.0,0.3,14,1000,956926.1617541984,9569.261617541984,0.791,253.876527519963
100,2000,0.05,20,1.0,0.3,15,1000,958449.5860139165,9584.495860139165,0.787,217.34060945543322
100,2000,0.05,20,1.0,0.3,16,1000,957890.60858517,9578.9060858517,0.782,235.8585917867486
100,2000,0.05,20,1.0,0.3,17,1000,959130.1227053152,9591.301227053153,0.799,200.71552890605997
100,2000,0.05,20,1.0,0.3,18,1000,961580.6142251266,9615.806142251266,0.778,199.69412187313003
100,2000,0.05,20,1.0,0.3,19,1000,961410.3799179271,9614.103799179271,0.801,206.47736801033616
100,2000,0.05,20,1.0,0.3,20,1000,960324.1430602429,9603.24143060243,0.785,221.1779019844787
100,2000,0.05,20,1.0,0.3,21,1000,958555.1068917026,9585.551068917026,0.788,213.2849946179928
100,2000,0.05,20,1.0,0.3,22,1000,957285.306174214,9572.85306174214,0.799,217.59649055031633
100,2000,0.05,20,1.0,0.3,23,1000,958358.5348673238,9583.585348673238,0.789,223.99736070170425
100,2000,0.05,20,1.0,0.3,24,1000,960144.5372673082,9601.445372673083,0.796,207.50834165942894
100,2000,0.05,20,1.0,0.3,25,1000,960806.4866265845,9608.064866265846,0.8,193.2118604168484
100,2000,0.05,20,1.0,0.3,26,1000,959752.3687621696,9597.523687621697,0.773,202.15221147544725
100,2000,0.05,20,1.0,0.3,27,1000,956337.613477476,9563.37613477476,0.798,226.45950741110804
100,2000,0.05,20,1.0,0.3,28,1000,956511.6356518955,9565.116356518956,0.794,210.50161819403178
100,2000,0.05,20,1.0,0.3,29,1000,958092.730898931,9580.92730898931,0.813,227.15010135793116
100,2000,0.05,20,1.0,0.3,30,1000,959246.0666944478,9592.460666944478,0.804,211.4777027902818
100,2000,0.05,20,1.0,0.3,31,1000,956316.0481794934,9563.160481794934,0.782,239.33650489332393
100,2000,0.05,20,1.0,0.3,32,1000,957268.7318187662,9572.687318187662,0.804,217.0872741649444
100,2000,0.05,20,1.0,0.3,33,1000,958296.2941494684,9582.962941494685,0.796,203.5217923698249
100,2000,0.05,20,1.0,0.3,34,1000,955573.056842148,9555.730568421479,0.813,228.10103784184506
100,2000,0.05,20,1.0,0.3,35,1000,957036.8673070165,9570.368673070165,0.77,215.34496611226845
100,2000,0.05,20,1.0,0.3,36,1000,956399.5132076073,9563.995132076074,0.804,239.83022363029053
100,2000,0.05,20,1.0,0.3,37,1000,956563.8793038336,9565.638793038335,0.788,217.68751131017956
100,2000,0.05,20,1.0,0.3,38,1000,958008.6815529568,9580.086815529568,0.797,225.2910320450535
100,2000,0.05,20,1.0,0.3,39,1000,954962.494642238,9549.62494642238,0.803,218.5922568023647
100,2000,0.05,20,1.0,0.3,40,1000,957282.5909161599,9572.825909161598,0.81,215.69183818282428
100,2000,0.05,20,1.0,0.3,41,1000,958237.4757643164,9582.374757643163,0.807,213.13635930529279
100,2000,0.05,20,1.0,0.3,42,1000,959316.3139068065,9593.163139068065,0.78,231.8893124258347
100,2000,0.05,20,1.0,0.3,43,1000,960577.6151378988,9605.776151378988,0.789,221.92715193160717
100,2000,0.05,20,1.0,0.3,44,1000,958188.2106851359,9581.882106851359,0.803,207.58434733131156
100,2000,0.05,20,1.0,0.3,45,1000,957492.267941722,9574.92267941722,0.798,236.22685510661856
100,2000,0.05,20,1.0,0.3,46,1000,956866.9781904897,9568.669781904897,0.795,215.00168537322602
100,2000,0.05,20,1.0,0.3,47,1000,958233.85000454,9582.3385000454,0.793,213.0449819042691
100,2000,0.05,20,1.0,0.3,48,1000,956786.1546679327,9567.861546679327,0.779,243.4824730772702
100,2000,0.05,20,1.0,0.3,49,1000,955479.9232688496,9554.799232688496,0.792,238.02537169861276
100,2000,0.05,20,1.0,0.35,0,1000,929262.6478922995,9292.626478922995,0.872,203.34142276757655
100,2000,0.05,20,1.0,0.35,1,1000,931820.8867463009,9318.208867463009,0.838,201.9087277290351
100,2000,0.05,20,1.0,0.35,2,1000,930444.9860662358,9304.449860662358,0.813,190.7247537006567
100,2000,0.05,20,1.0,0.35,3,1000,931619.7180623247,9316.197180623247,0.827,191.60236142346645
100,2000,0.05,20,1.0,0.35,4,1000,930529.8439789659,9305.298439789658,0.83,208.50198958580316
100,2000,0.05,20,1.0,0.35,5,1000,930420.0483117745,9304.200483117746,0.836,189.96119998923587
100,2000,0.05,20,1.0,0.35,6,1000,929763.4847332577,9297.634847332576,0.845,214.69458053786502
100,2000,0.05,20,1.0,0.35,7,1000,931969.8717072062,9319.698717072062,0.82,225.27046341313908
100,2000,0.05,20,1.0,0.35,8,1000,929639.3582715951,9296.393582715951,0.82,209.91868469885944
100,2000,0.05,20,1.0,0.35,9,1000,930075.4507842357,9300.754507842357,0.835,224.8343821047184
100,2000,0.05,20,1.0,0.35,10,1000,928526.4612045739,9285.26461204574,0.85,215.74616165223034
100,2000,0.05,20,1.0,0.35,11,1000,929499.7034355167,9294.997034355167,0.842,212.5081558419638
100,2000,0.05,20,1.0,0.35,12,1000,926533.9596690212,9265.339596690212,0.84,206.16734929649485
100,2000,0.05,20,1.0,0.35,13,1000,929549.4844295273,9295.494844295274,0.842,200.25285475453822
100,2000,0.05,20,1.0,0.35,14,1000,929621.2916679352,9296.212916679353,0.848,195.7234452342704
100,2000,0.05,20,1.0,0.35,15,1000,929892.8770825276,9298.928770825276,0.839,184.93622696670602
100,2000,0.05,20,1.0,0.35,16,1000,928754.5783099825,9287.545783099826,0.844,213.99958882504592
100,2000,0.05,20,1.0,0.35,17,1000,928342.8080707978,9283.428080707978,0.826,228.18950337181937
100,2000,0.05,20,1.0,0.35,18,1000,930935.7362469814,9309.357362469815,0.844,207.81002095112765
100,2000,0.05,20,1.0,0.35,19,1000,929371.5007566868,9293.715007566869,0.837,189.72905072283856
100,2000,0.05,20,1.0,0.35,20,1000,931892.201339576,9318.92201339576,0.843,194.58163151482273
100,2000,0.05,20,1.0,0.35,21,1000,932438.9620598282,9324.389620598282,0.82,222.52739718399962
100,2000,0.05,20,1.0,0.35,22,1000,930989.4827662825,9309.894827662825,0.847,191.6515957820246
100,2000,0.05,20,1.0,0.35,23,1000,930278.7954831755,9302.787954831756,0.85,198.14093594667494
100,2000,0.05,20,1.0,0.35,24,1000,931274.3002197132,9312.743002197132,0.845,222.22682845807955
100,2000,0.05,20,1.0,0.35,25,1000,931645.3176382863,9316.453176382864,0.821,203.33648636265465
100,2000,0.05,20,1.0,0.35,26,1000,930288.9103123705,9302.889103123705,0.826,223.84372589376045
100,2000,0.05,20,1.0,0.35,27,1000,929839.0332758821,9298.390332758821,0.843,234.58995823295427
100,2000,0.05,20,1.0,0.35,28,1000,926829.2725039592,9268.292725039593,0.852,206.23789737531945
100,2000,0.05,20,1.0,0.35,29,1000,931251.957530651,9312.51957530651,0.823,208.87153532695095
100,2000,0.05,20,1.0,0.35,30,1000,932499.2700386752,9324.992700386752,0.815,207.16827481669478
100,2000,0.05,20,1.0,0.35,31,1000,927179.0379866536,9271.790379866536,0.862,214.15830718254526
100,2000,0.05,20,1.0,0.35,32,1000,931941.5986630934,9319.415986630935,0.813,206.09691299644214
100,2000,0.05,20,1.0,0.35,33,1000,929311.2957424007,9293.112957424008,0.845,210.74632956885938
100,2000,0.05,20,1.0,0.35,34,1000,930674.8162608288,9306.748162608288,0.834,194.99761360474207
100,2000,0.05,20,1.0,0.35,35,1000,928368.1336042869,9283.68133604287,0.826,188.9058002898749
100,2000,0.05,20,1.0,0.35,36,1000,928982.7273367024,9289.827273367024,0.863,213.47642693193617
100,2000,0.05,20,1.0,0.35,37,1000,932242.8151621673,9322.428151621672,0.832,210.92340864346312
100,2000,0.05,20,1.0,0.35,38,1000,931571.2661559458,9315.712661559459,0.833,202.5699638267771
100,2000,0.05,20,1.0,0.35,39,1000,929635.3419516723,9296.353419516723,0.825,199.9801282455548
100,2000,0.05,20,1.0,0.35,40,1000,932707.7043445999,9327.077043446,0.843,207.191452502738
100,2000,0.05,20,1.0,0.35,41,1000,929975.6165511495,9299.756165511495,0.838,198.52282466689815
100,2000,0.05,20,1.0,0.35,42,1000,929639.9168146097,9296.399168146098,0.84,204.01048941050686
100,2000,0.05,20,1.0,0.35,43,1000,931677.2541239309,9316.77254123931,0.836,197.7792539880278
100,2000,0.05,20,1.0,0.35,44,1000,928487.1341576071,9284.87134157607,0.863,193.94825007689735
100,2000,0.05,20,1.0,0.35,45,1000,929258.038344545,9292.580383445451,0.857,204.44654734498212
100,2000,0.05,20,1.0,0.35,46,1000,932143.951205893,9321.439512058929,0.835,209.76019418510828
100,2000,0.05,20,1.0,0.35,47,1000,931264.2189422448,9312.642189422448,0.829,203.244431472078
100,2000,0.05,20,1.0,0.35,48,1000,930464.9392526192,9304.649392526191,0.84,199.2221632168935
100,2000,0.05,20,1.0,0.35,49,1000,929298.6961856387,9292.986961856386,0.833,198.71605850005812
100,2000,0.05,20,1.0,0.4,0,1000,901003.2133318213,9010.032133318213,0.873,197.17078847097554
100,2000,0.05,20,1.0,0.4,1,1000,902853.031696844,9028.530316968441,0.869,192.7422653635018
100,2000,0.05,20,1.0,0.4,2,1000,901623.3660717472,9016.233660717471,0.866,183.11766983304446
100,2000,0.05,20,1.0,0.4,3,1000,901568.2248996939,9015.682248996938,0.871,193.11851413257372
100,2000,0.05,20,1.0,0.4,4,1000,902099.298499595,9020.99298499595,0.894,206.15032111616833
100,2000,0.05,20,1.0,0.4,5,1000,901133.2669290598,9011.332669290598,0.883,188.62255206699015
100,2000,0.05,20,1.0,0.4,6,1000,901463.0986511251,9014.63098651125,0.85,186.47684515095054
100,2000,0.05,20,1.0,0.4,7,1000,902121.7044047843,9021.217044047842,0.874,174.8370145774557
100,2000,0.05,20,1.0,0.4,8,1000,901614.3918325334,9016.143918325333,0.87,178.20063999375256
100,2000,0.05,20,1.0,0.4,9,1000,904155.7317657009,9041.557317657009,0.883,193.54360032644837
100,2000,0.05,20,1.0,0.4,10,1000,899612.0116310565,8996.120116310565,0.88,188.07691251576304
100,2000,0.05,20,1.0,0.4,11,1000,900183.3652340241,9001.833652340241,0.874,190.10184723964744
100,2000,0.05,20,1.0,0.4,12,1000,899169.9910340223,8991.699910340223,0.89,191.81565977452127
100,2000,0.05,20,1.0,0.4,13,1000,902096.5316395947,9020.965316395947,0.869,190.9324348549297
100,2000,0.05,20,1.0,0.4,14,1000,900633.2304702483,9006.332304702482,0.883,171.42452826691178
100,2000,0.05,20,1.0,0.4,15,1000,901627.2873618404,9016.272873618404,0.858,213.5051538765616
100,2000,0.05,20,1.0,0.4,16,1000,903532.5364733395,9035.325364733395,0.868,200.20389175267402
100,2000,0.05,20,1.0,0.4,17,1000,903027.1195491378,9030.271195491378,0.869,210.25071592038742
100,2000,0.05,20,1.0,0.4,18,1000,901622.50592191,9016.225059219101,0.869,213.9490496783392
100,2000,0.05,20,1.0,0.4,19,1000,900710.1824878758,9007.101824878759,0.876,201.4100291647341
100,2000,0.05,20,1.0,0.4,20,1000,903230.9180644423,9032.309180644423,0.883,184.59346581066836
100,2000,0.05,20,1.0,0.4,21,1000,904817.6931485872,9048.176931485872,0.864,171.67668631844467
100,2000,0.05,20,1.0,0.4,22,1000,902059.3234182093,9020.593234182094,0.891,193.72003778891383
100,2000,0.05,20,1.0,0.4,23,1000,901918.877392558,9019.18877392558,0.89,171.6135116913997
100,2000,0.05,20,1.0,0.4,24,1000,899962.1897505859,8999.62189750586,0.878,213.85261367743243
100,2000,0.05,20,1.0,0.4,25,1000,903376.2275315322,9033.762275315321,0.874,193.35231266874595
100,2000,0.05,20,1.0,0.4,26,1000,899293.4086008853,8992.934086008852,0.871,208.6449571961632
100,2000,0.05,20,1.0,0.4,27,1000,900813.5190037843,9008.135190037843,0.893,188.68726790895596
100,2000,0.05,20,1.0,0.4,28,1000,900235.8181314187,9002.358181314186,0.858,195.29987388501422
100,2000,0.05,20,1.0,0.4,29,1000,900029.2274707268,9000.292274707268,0.871,205.56807648046683
100,2000,0.05,20,1.0,0.4,30,1000,901615.9942173725,9016.159942173725,0.892,204.05762920370006
100,2000,0.05,20,1.0,0.4,31,1000,900568.1979556893,9005.681979556894,0.869,173.70969142332143
100,2000,0.05,20,1.0,0.4,32,1000,902171.4470449744,9021.714470449744,0.876,175.9669079821938
100,2000,0.05,20,1.0,0.4,33,1000,902151.2840034947,9021.512840034946,0.87,195.98600859774325
100,2000,0.05,20,1.0,0.4,34,1000,902209.5459173329,9022.095459173328,0.876,190.27973293467798
100,2000,0.05,20,1.0,0.4,35,1000,899963.733272312,8999.63733272312,0.863,184.33818863414075
100,2000,0.05,20,1.0,0.4,36,1000,899022.261899008,8990.22261899008,0.896,201.09606389626427
100,2000,0.05,20,1.0,0.4,37,1000,900605.4823348732,9006.054823348732,0.912,195.65950496987367
100,2000,0.05,20,1.0,0.4,38,1000,900975.3724629377,9009.753724629378,0.891,187.85559597393663
100,2000,0.05,20,1.0,0.4,39,1000,902588.2837470329,9025.882837470328,0.868,189.75084818732793
100,2000,0.05,20,1.0,0.4,40,1000,901119.6809520937,9011.196809520938,0.878,180.26578753917167
100,2000,0.05,20,1.0,0.4,41,1000,898674.5283815474,8986.745283815475,0.895,178.787403568607
100,2000,0.05,20,1.0,0.4,42,1000,902437.8430573321,9024.37843057332,0.884,197.14273145529577
100,2000,0.05,20,1.0,0.4,43,1000,903377.9345550784,9033.779345550784,0.868,194.05514938065815
100,2000,0.05,20,1.0,0.4,44,1000,900646.9450068593,9006.469450068593,0.877,188.72138625161332
100,2000,0.05,20,1.0,0.4,45,1000,902261.0852966685,9022.610852966685,0.836,183.5489098721201
100,2000,0.05,20,1.0,0.4,46,1000,902008.7245814463,9020.087245814462,0.896,193.42388998684126
100,2000,0.05,20,1.0,0.4,47,1000,903263.9344565893,9032.639344565892,0.862,215.76365482761344
100,2000,0.05,20,1.0,0.4,48,1000,900722.2864710398,9007.222864710398,0.876,189.59593489841137
100,2000,0.05,20,1.0,0.4,49,1000,901588.9541641249,9015.889541641249,0.871,178.88561044413228
100,2000,0.05,20,1.0,0.45,0,1000,868732.7323255969,8687.327323255968,0.914,183.1088922348034
100,2000,0.05,20,1.0,0.45,1,1000,872135.8167970702,8721.358167970702,0.911,175.78631248302338
100,2000,0.05,20,1.0,0.45,2,1000,874619.4526480664,8746.194526480664,0.887,171.59075115019982
100,2000,0.05,20,1.0,0.45,3,1000,873684.518120139,8736.84518120139,0.917,160.49024904362597
100,2000,0.05,20,1.0,0.45,4,1000,871592.7210154579,8715.92721015458,0.899,185.1919321332761
100,2000,0.05,20,1.0,0.45,5,1000,871109.328930237,8711.09328930237,0.905,172.23876917100884
100,2000,0.05,20,1.0,0.45,6,1000,871893.2415913226,8718.932415913227,0.913,177.09491903211463
100,2000,0.05,20,1.0,0.45,7,1000,873523.2526783394,8735.232526783393,0.922,183.91877058269532
100,2000,0.05,20,1.0,0.45,8,1000,872284.8743753941,8722.84874375394,0.9,192.4810986731712
100,2000,0.05,20,1.0,0.45,9,1000,872281.1227090842,8722.811227090842,0.898,189.5026465486951
100,2000,0.05,20,1.0,0.45,10,1000,870877.0914695921,8708.77091469592,0.913,173.4121547968569
100,2000,0.05,20,1.0,0.45,11,1000,872271.7713696857,8722.717713696857,0.911,195.1568521330859
100,2000,0.05,20,1.0,0.45,12,1000,871711.2307149983,8717.112307149982,0.909,167.3798576741193
100,2000,0.05,20,1.0,0.45,13,1000,873656.2698629941,8736.562698629941,0.916,183.82307899203272
100,2000,0.05,20,1.0,0.45,14,1000,873824.0930323234,8738.240930323234,0.884,180.71950096794276
100,2000,0.05,20,1.0,0.45,15,1000,869810.0676776656,8698.100676776656,0.898,158.35517065521515
100,2000,0.05,20,1.0,0.45,16,1000,873702.496852415,8737.02496852415,0.906,173.52951475172154
100,2000,0.05,20,1.0,0.45,17,1000,871990.0597937546,8719.900597937545,0.922,172.45418117470354
100,2000,0.05,20,1.0,0.45,18,1000,873026.3318504699,8730.2633185047,0.895,192.99008519128196
100,2000,0.05,20,1.0,0.45,19,1000,872381.0966222816,8723.810966222816,0.902,188.53271283828272
100,2000,0.05,20,1.0,0.45,20,1000,872764.8972559527,8727.648972559527,0.895,181.60159386781783
100,2000,0.05,20,1.0,0.45,21,1000,874898.6700849346,8748.986700849346,0.909,192.87732744681247
100,2000,0.05,20,1.0,0.45,22,1000,873794.2686916991,8737.942686916991,0.893,177.59736904704604
100,2000,0.05,20,1.0,0.45,23,1000,874182.8775670944,8741.828775670943,0.893,193.801771168698
100,2000,0.05,20,1.0,0.45,24,1000,872797.2420328656,8727.972420328657,0.907,179.254050106195
100,2000,0.05,20,1.0,0.45,25,1000,872497.2468583545,8724.972468583546,0.923,183.9115446588924
100,2000,0.05,20,1.0,0.45,26,1000,872449.1855781634,8724.491855781635,0.898,207.32225773805376
100,2000,0.05,20,1.0,0.45,27,1000,872390.7996873262,8723.907996873262,0.902,197.50884908373524
100,2000,0.05,20,1.0,0.45,28,1000,873741.4957722846,8737.414957722845,0.899,196.42916576054284
100,2000,0.05,20,1.0,0.45,29,1000,873833.480246377,8738.334802463769,0.905,182.97218706711993
100,2000,0.05,20,1.0,0.45,30,1000,871452.8214336494,8714.528214336495,0.91,197.0838175282505
100,2000,0.05,20,1.0,0.45,31,1000,872583.544498368,8725.83544498368,0.915,190.5691650508214
100,2000,0.05,20,1.0,0.45,32,1000,872313.9902333195,8723.139902333194,0.903,196.96028498833027
100,2000,0.05,20,1.0,0.45,33,1000,873243.4627735555,8732.434627735556,0.892,173.36783404009626
100,2000,0.05,20,1.0,0.45,34,1000,873938.4092139957,8739.384092139957,0.888,182.8878984475696
100,2000,0.05,20,1.0,0.45,35,1000,873514.3154759607,8735.143154759608,0.903,169.27672423548887
100,2000,0.05,20,1.0,0.45,36,1000,871307.3756347761,8713.073756347761,0.905,186.92678027330453
100,2000,0.05,20,1.0,0.45,37,1000,870537.9780553185,8705.379780553185,0.9,193.13262372334142
100,2000,0.05,20,1.0,0.45,38,1000,874356.7970691127,8743.567970691127,0.897,183.2919653950861
100,2000,0.05,20,1.0,0.45,39,1000,870316.0063197841,8703.160063197842,0.892,188.17471303625732
100,2000,0.05,20,1.0,0.45,40,1000,875655.4588879566,8756.554588879566,0.908,172.12448699488158
100,2000,0.05,20,1.0,0.45,41,1000,872505.4284200307,8725.054284200307,0.915,189.4412719531916
100,2000,0.05,20,1.0,0.45,42,1000,873841.0516470973,8738.410516470973,0.91,186.6466735432317
100,2000,0.05,20,1.0,0.45,43,1000,872573.6626675972,8725.736626675971,0.895,182.31791819604234
100,2000,0.05,20,1.0,0.45,44,1000,874295.1232766283,8742.951232766283,0.912,182.28459120244412
100,2000,0.05,20,1.0,0.45,45,1000,872207.528090075,8722.07528090075,0.912,203.19885311137688
100,2000,0.05,20,1.0,0.45,46,1000,871321.7254577031,8713.217254577032,0.911,191.46731486569618
100,2000,0.05,20,1.0,0.45,47,1000,873087.7486488471,8730.87748648847,0.913,178.32727421010728
100,2000,0.05,20,1.0,0.45,48,1000,873662.5202340438,8736.625202340438,0.894,179.77526809233493
100,2000,0.05,20,1.0,0.45,49,1000,871669.5666894078,8716.695666894078,0.911,196.54760339712658
100,2000,0.05,20,1.0,0.5,0,1000,843044.1976969749,8430.441976969749,0.928,167.97360311255474
100,2000,0.05,20,1.0,0.5,1,1000,840160.3429633629,8401.60342963363,0.93,179.73123604054564
100,2000,0.05,20,1.0,0.5,2,1000,844693.5329014818,8446.93532901482,0.924,171.92123460659573
100,2000,0.05,20,1.0,0.5,3,1000,844743.8809659583,8447.438809659583,0.94,177.11314639312857
100,2000,0.05,20,1.0,0.5,4,1000,843789.0352995192,8437.890352995191,0.93,166.55214929085358
100,2000,0.05,20,1.0,0.5,5,1000,842602.3234745653,8426.023234745653,0.925,157.6868985964561
100,2000,0.05,20,1.0,0.5,6,1000,841501.2960510252,8415.012960510252,0.94,166.1658122983262
100,2000,0.05,20,1.0,0.5,7,1000,841842.4334079423,8418.424334079424,0.931,180.17782150794972
100,2000,0.05,20,1.0,0.5,8,1000,842574.6948007694,8425.746948007694,0.921,148.11535473485895
100,2000,0.05,20,1.0,0.5,9,1000,842982.7294500843,8429.827294500843,0.922,169.36025994251173
100,2000,0.05,20,1.0,0.5,10,1000,843296.2038286993,8432.962038286993,0.95,172.6645296660406
100,2000,0.05,20,1.0,0.5,11,1000,844379.9023037553,8443.799023037553,0.933,175.8455152442563
100,2000,0.05,20,1.0,0.5,12,1000,842867.5242290406,8428.675242290406,0.932,181.42720265280226
100,2000,0.05,20,1.0,0.5,13,1000,842295.9481416568,8422.959481416568,0.93,167.32926808574965
100,2000,0.05,20,1.0,0.5,14,1000,843094.6716474408,8430.946716474407,0.919,175.7000842629169
100,2000,0.05,20,1.0,0.5,15,1000,844066.1090450239,8440.66109045024,0.929,182.9201169801255
100,2000,0.05,20,1.0,0.5,16,1000,843412.8865216139,8434.128865216138,0.93,158.13698920651956
100,2000,0.05,20,1.0,0.5,17,1000,844048.6671801725,8440.486671801726,0.928,168.1664496726719
100,2000,0.05,20,1.0,0.5,18,1000,843125.3789470855,8431.253789470855,0.926,176.4030086916317
100,2000,0.05,20,1.0,0.5,19,1000,844480.5611444461,8444.80561144446,0.932,165.12389940043582
100,2000,0.05,20,1.0,0.5,20,1000,842561.6306723728,8425.616306723728,0.927,163.63027466820694
100,2000,0.05,20,1.0,0.5,21,1000,844103.6395684157,8441.036395684157,0.937,171.2867608387115
100,2000,0.05,20,1.0,0.5,22,1000,844221.1030221431,8442.211030221431,0.931,169.0958586131158
100,2000,0.05,20,1.0,0.5,23,1000,841605.5629061182,8416.055629061182,0.927,164.02690770578317
100,2000,0.05,20,1.0,0.5,24,1000,844507.6510178207,8445.076510178207,0.925,163.58438579107784
100,2000,0.05,20,1.0,0.5,25,1000,843036.1478700498,8430.361478700499,0.929,186.8289423928183
100,2000,0.05,20,1.0,0.5,26,1000,842592.1660011018,8425.921660011018,0.921,151.51447563122846
100,2000,0.05,20,1.0,0.5,27,1000,841371.1843723296,8413.711843723297,0.93,164.76852903093663
100,2000,0.05,20,1.0,0.5,28,1000,843016.311404936,8430.163114049361,0.923,182.5613729837656
100,2000,0.05,20,1.0,0.5,29,1000,842106.4955062125,8421.064955062124,0.916,170.0060197416768
100,2000,0.05,20,1.0,0.5,30,1000,844865.5202536379,8448.65520253638,0.928,168.68291944543566
100,2000,0.05,20,1.0,0.5,31,1000,843499.2800111232,8434.992800111231,0.936,172.03529143929063
100,2000,0.05,20,1.0,0.5,32,1000,842072.7949603947,8420.727949603948,0.942,172.6395760930162
100,2000,0.05,20,1.0,0.5,33,1000,844178.6836358438,8441.786836358438,0.916,163.12443395217502
100,2000,0.05,20,1.0,0.5,34,1000,842428.8107252931,8424.28810725293,0.928,176.2329100994967
100,2000,0.05,20,1.0,0.5,35,1000,842223.9215637652,8422.239215637652,0.944,180.66887421523148
100,2000,0.05,20,1.0,0.5,36,1000,839737.0398916997,8397.370398916997,0.95,167.77510611029962
100,2000,0.05,20,1.0,0.5,37,1000,844026.0966011926,8440.260966011927,0.932,175.94145927630066
100,2000,0.05,20,1.0,0.5,38,1000,841726.2507444348,8417.262507444348,0.937,155.60053290023203
100,2000,0.05,20,1.0,0.5,39,1000,841456.10732371,8414.5610732371,0.923,168.39933780034536
100,2000,0.05,20,1.0,0.5,40,1000,845056.9500677423,8450.569500677422,0.939,182.35485455415312
100,2000,0.05,20,1.0,0.5,41,1000,840583.4318554822,8405.834318554822,0.93,160.80126947985306
100,2000,0.05,20,1.0,0.5,42,1000,843436.0182732112,8434.360182732113,0.92,198.33724320081024
100,2000,0.05,20,1.0,0.5,43,1000,844122.3547751951,8441.223547751952,0.924,203.39437866652014
100,2000,0.05,20,1.0,0.5,44,1000,842127.3896537356,8421.273896537356,0.929,172.3593891223708
100,2000,0.05,20,1.0,0.5,45,1000,842763.1647370447,8427.631647370446,0.935,176.9831905505106
100,2000,0.05,20,1.0,0.5,46,1000,845490.9998148824,8454.909998148823,0.919,155.05247228734214
100,2000,0.05,20,1.0,0.5,47,1000,844164.9696468172,8441.649696468172,0.939,172.23515503313124
100,2000,0.05,20,1.0,0.5,48,1000,843380.4205600037,8433.804205600038,0.928,172.68424468525436
100,2000,0.05,20,1.0,0.5,49,1000,842739.8884843449,8427.39888484345,0.907,162.001078434584
